2 0.000000 100.000000 747.808936
392 310 
1 -50.000000 0.000000 -50.091361 99.935891 -0.000000 3.490491 0.000063 
2 52.000000 0.000000 -50.091361 99.936351 -0.000000 3.472009 0.000067 
3 52.000000 0.000000 50.148507 99.942859 0.000000 3.469247 -0.000061 
4 -50.000000 0.000000 50.148507 99.942388 0.000000 3.490602 -0.000067 
5 1.000000 0.000000 0.028573 106.520997 0.000720 -1.186107 -0.134813 
6 -50.000000 0.000000 0.028573 99.938892 0.000000 3.494502 0.000001 
7 1.000000 0.000000 -50.091361 99.930182 -0.000000 3.480845 0.000184 
8 52.000000 0.000000 0.028573 100.014382 -0.000000 1.315220 -0.000461 
9 1.000000 0.000000 50.148507 99.948950 0.000000 3.480258 -0.000190 
10 26.500000 0.000000 -25.031394 99.928108 -0.000000 3.419915 0.000268 
11 1.000000 0.000000 -25.031394 99.904571 -0.000000 3.454061 0.000715 
12 26.500000 0.000000 -50.091361 99.932960 -0.000000 3.473838 0.000134 
13 52.000000 0.000000 -25.031394 99.937828 -0.000000 3.423336 0.000071 
14 26.500000 0.000000 0.028573 100.025118 -0.000000 0.915714 -0.000586 
15 -24.500000 0.000000 -25.031394 99.926172 0.000000 3.491735 0.000257 
16 -50.000000 0.000000 -25.031394 99.935796 -0.000000 3.492548 0.000064 
17 -24.500000 0.000000 -50.091361 99.932625 -0.000000 3.488134 0.000130 
18 -24.500000 0.000000 0.028573 99.936967 0.000000 3.508212 0.000029 
19 26.500000 0.000000 25.088540 99.953811 0.000000 3.409164 -0.000239 
20 1.000000 0.000000 25.088540 99.978623 0.000000 3.451972 -0.000764 
21 52.000000 0.000000 25.088540 99.944856 0.000000 3.403871 -0.000056 
22 26.500000 0.000000 50.148507 99.946220 0.000000 3.472116 -0.000130 
23 13.750000 0.000000 -12.501411 99.895039 -0.000000 3.233862 0.001052 
24 1.000000 0.000000 -12.501411 99.812066 -0.000000 3.355313 0.002629 
25 13.750000 0.000000 -25.031394 99.915063 -0.000000 3.427315 0.000523 
26 26.500000 0.000000 -12.501411 99.932935 -0.000000 3.243267 0.000289 
27 13.750000 0.000000 0.028573 100.012338 -0.000000 0.725334 -0.000299 
28 -24.500000 0.000000 25.088540 99.952161 0.000000 3.492926 -0.000263 
29 -50.000000 0.000000 25.088540 99.942275 0.000000 3.492779 -0.000066 
30 -24.500000 0.000000 50.148507 99.945970 0.000000 3.488238 -0.000136 
31 -11.750000 0.000000 -12.501411 99.887024 -0.000000 3.494368 0.001037 
32 -24.500000 0.000000 -12.501411 99.925221 0.000000 3.499776 0.000270 
33 -11.750000 0.000000 -25.031394 99.913552 -0.000000 3.482111 0.000516 
34 -11.750000 0.000000 0.028573 99.921208 -0.000000 3.562770 0.000306 
35 13.750000 0.000000 12.558556 99.994238 0.000000 3.195448 -0.000906 
36 1.000000 0.000000 12.558556 100.093976 0.000000 3.348770 -0.003002 
37 26.500000 0.000000 12.558556 99.960025 0.000000 3.181291 -0.000213 
38 13.750000 0.000000 25.088540 99.967303 0.000000 3.419939 -0.000516 
39 7.375000 0.000000 -6.236419 99.761898 -0.000000 2.710802 0.004022 
40 1.000000 0.000000 -6.236419 99.538504 -0.000000 3.075766 0.008263 
41 7.375000 0.000000 -12.501411 99.848292 -0.000000 3.263044 0.001967 
42 13.750000 0.000000 -6.236419 99.904903 -0.000000 2.728131 0.001157 
43 7.375000 0.000000 0.028573 99.915042 0.000000 0.519848 0.001671 
44 -11.750000 0.000000 12.558556 99.989863 -0.000000 3.504733 -0.001026 
45 -24.500000 0.000000 12.558556 99.951162 0.000000 3.501864 -0.000250 
46 -11.750000 0.000000 25.088540 99.966640 0.000000 3.483774 -0.000547 
47 -5.375000 0.000000 -6.236419 99.737045 -0.000000 3.491154 0.004033 
48 -11.750000 0.000000 -6.236419 99.879422 -0.000000 3.524876 0.001168 
49 -5.375000 0.000000 -12.501411 99.841371 -0.000000 3.455921 0.001976 
50 -5.375000 0.000000 0.028573 99.822066 -0.000000 3.769155 0.002135 
51 7.375000 0.000000 6.293564 100.121028 0.000000 2.605164 -0.003101 
52 1.000000 0.000000 6.293564 100.496355 0.000000 3.055211 -0.010885 
53 13.750000 0.000000 6.293564 100.003903 0.000000 2.598689 -0.000753 
54 7.375000 0.000000 12.558556 100.047150 0.000000 3.230424 -0.001987 
55 4.187500 0.000000 -3.103923 99.385533 -0.000000 1.907812 0.011888 
56 1.000000 0.000000 -3.103923 98.977923 -0.000000 2.593642 0.019664 
57 4.187500 0.000000 -6.236419 99.631780 -0.000000 2.821854 0.006555 
58 7.375000 0.000000 -3.103923 99.761318 -0.000000 1.843601 0.004428 
59 4.187500 0.000000 0.028573 99.529704 0.000000 -0.038916 0.009384 
60 -5.375000 0.000000 6.293564 100.127939 0.000000 3.568354 -0.003834 
61 -11.750000 0.000000 6.293564 99.981832 0.000000 3.541806 -0.000891 
62 -5.375000 0.000000 12.558556 100.047558 0.000000 3.471309 -0.002156 
63 -2.187500 0.000000 -3.103923 99.274640 -0.000000 3.437550 0.013273 
64 -5.375000 0.000000 -3.103923 99.690610 -0.000000 3.598156 0.004884 
65 -2.187500 0.000000 -6.236419 99.602512 -0.000000 3.352879 0.006810 
66 -2.187500 0.000000 0.028573 99.357514 -0.000000 4.509461 0.010775 
67 4.187500 0.000000 3.161069 100.459179 0.000000 1.510604 -0.009433 
68 1.000000 0.000000 3.161069 101.632744 0.000000 2.480143 -0.033537 
69 7.375000 0.000000 3.161069 100.091347 0.000000 1.669168 -0.002106 
70 4.187500 0.000000 6.293564 100.315754 0.000000 2.689372 -0.007048 
71 2.593750 0.000000 -1.537675 98.564664 -0.000000 1.318642 0.028327 
72 1.000000 0.000000 -1.537675 98.485638 -0.000000 2.213686 0.029568 
73 2.593750 0.000000 -3.103923 99.104720 -0.000000 2.155384 0.017361 
74 4.187500 0.000000 -1.537675 99.269014 -0.000000 0.979565 0.014470 
75 2.593750 0.000000 0.028573 89.517574 0.001609 -4.539838 0.196599 
76 -2.187500 0.000000 3.161069 100.577025 0.000000 3.874664 -0.013075 
77 -5.375000 0.000000 3.161069 100.073547 0.000000 3.716836 -0.002853 
78 -2.187500 0.000000 6.293564 100.342418 0.000000 3.459464 -0.008057 
79 -0.593750 0.000000 -1.537675 98.277194 -0.000000 3.060337 0.033223 
80 -2.187500 0.000000 -1.537675 99.038963 -0.000000 3.774336 0.017704 
81 -0.593750 0.000000 -3.103923 99.018970 -0.000000 3.073328 0.018580 
82 -0.593750 0.000000 0.028573 83.045545 -0.000521 10.494558 0.299330 
83 2.593750 0.000000 1.594821 101.186765 0.000000 -0.210168 -0.023881 
84 1.000000 0.000000 1.594821 104.039402 0.000000 1.508589 -0.082647 
85 4.187500 0.000000 1.594821 100.194291 0.000000 0.490842 -0.003914 
86 2.593750 0.000000 3.161069 101.049231 0.000000 1.613490 -0.021355 
87 1.796875 0.000000 -0.754551 94.493052 0.001257 -3.252088 0.106049 
88 1.000000 0.000000 -0.754551 100.117027 0.000018 4.852346 -0.004696 
89 1.796875 0.000000 -1.537675 98.386464 -0.000000 1.839771 0.031672 
90 2.593750 0.000000 -0.754551 98.021713 -0.000000 0.471921 0.039152 
91 1.796875 0.000000 0.028573 99.318353 0.001196 -7.925723 0.007305 
92 39.250000 0.000000 -12.501411 99.941601 -0.000000 3.260333 0.000105 
93 39.250000 0.000000 -25.031394 99.934824 -0.000000 3.420825 0.000133 
94 52.000000 0.000000 -12.501411 99.944011 -0.000000 3.274959 0.000047 
95 39.250000 0.000000 0.028573 100.020674 -0.000000 1.115030 -0.000538 
96 20.125000 0.000000 -6.236419 99.940553 -0.000000 2.771647 0.000420 
97 20.125000 0.000000 -12.501411 99.920888 -0.000000 3.235096 0.000535 
98 26.500000 0.000000 -6.236419 99.951610 -0.000000 2.810031 0.000178 
99 20.125000 0.000000 0.028573 100.024063 -0.000000 0.821002 -0.000549 
100 10.562500 0.000000 -3.103923 99.891549 -0.000000 1.905790 0.001805 
101 10.562500 0.000000 -6.236419 99.859051 -0.000000 2.710820 0.002082 
102 13.750000 0.000000 -3.103923 99.942266 -0.000000 1.975218 0.000764 
103 10.562500 0.000000 0.028573 99.988879 -0.000000 0.647707 0.000180 
104 5.781250 0.000000 -1.537675 99.642913 -0.000000 1.045020 0.007020 
105 5.781250 0.000000 -3.103923 99.616291 -0.000000 1.834239 0.007323 
106 7.375000 0.000000 -1.537675 99.812726 -0.000000 1.134841 0.003613 
107 5.781250 0.000000 0.028573 99.804575 0.000000 0.358357 0.003892 
108 3.390625 0.000000 -0.754551 98.868540 -0.000000 0.281095 0.022493 
109 3.390625 0.000000 -1.537675 98.946044 -0.000000 1.039608 0.020860 
110 4.187500 0.000000 -0.754551 99.315655 -0.000000 0.392188 0.013625 
111 3.390625 0.000000 0.028573 99.180131 0.000000 -0.482403 0.016307 
112 -0.593750 0.000000 1.594821 101.993064 0.000000 4.998331 -0.042757 
113 -2.187500 0.000000 1.594821 100.327749 0.000000 4.441600 -0.008538 
114 -0.593750 0.000000 3.161069 101.271537 0.000000 3.574030 -0.026870 
115 1.796875 0.000000 0.811697 95.479369 0.001625 -6.584082 0.084034 
116 1.000000 0.000000 0.811697 114.742305 0.001527 -6.379165 -0.320649 
117 2.593750 0.000000 0.811697 100.347141 0.000000 -1.631947 -0.007221 
118 1.796875 0.000000 1.594821 102.610664 0.000000 -0.085830 -0.052896 
119 2.195312 0.000000 -0.362989 93.771539 0.001321 -3.551405 0.119429 
120 1.796875 0.000000 -0.362989 96.714128 0.001256 -3.377078 0.063497 
121 2.195312 0.000000 -0.754551 87.941976 0.001635 -2.363688 0.226062 
122 2.593750 0.000000 -0.362989 89.566672 0.001606 -4.479870 0.195774 
123 2.195312 0.000000 0.028573 94.488628 0.001410 -4.332430 0.105313 
124 0.203125 0.000000 -0.754551 85.202075 -0.000439 5.421084 0.271122 
125 -0.593750 0.000000 -0.754551 97.146896 -0.000000 3.436089 0.055067 
126 0.203125 0.000000 -1.537675 98.361363 -0.000000 2.441837 0.031908 
127 0.203125 0.000000 0.028573 99.693483 -0.000106 10.845838 -0.005642 
128 1.398438 0.000000 -0.362989 99.652023 0.001137 -2.919558 0.006095 
129 1.000000 0.000000 -0.362989 105.906698 0.000683 -0.984122 -0.121720 
130 1.398438 0.000000 -0.754551 100.660726 0.000620 1.949653 -0.013638 
131 1.398438 0.000000 0.028573 102.045240 0.001165 -3.140369 -0.042309 
132 39.250000 0.000000 12.558556 99.953747 0.000000 3.166162 -0.000078 
133 52.000000 0.000000 12.558556 99.952515 0.000000 3.146261 -0.000040 
134 39.250000 0.000000 25.088540 99.947487 0.000000 3.406035 -0.000110 
135 20.125000 0.000000 6.293564 99.981632 0.000000 2.580988 -0.000299 
136 26.500000 0.000000 6.293564 99.976460 0.000000 2.548280 -0.000179 
137 20.125000 0.000000 12.558556 99.969979 0.000000 3.186933 -0.000415 
138 10.562500 0.000000 3.161069 100.027683 0.000000 1.724693 -0.000851 
139 13.750000 0.000000 3.161069 100.009739 0.000000 1.736372 -0.000496 
140 10.562500 0.000000 6.293564 100.038853 0.000000 2.598862 -0.001453 
141 5.781250 0.000000 1.594821 100.043003 0.000000 0.854419 -0.000933 
142 7.375000 0.000000 1.594821 100.015650 0.000000 1.005826 -0.000414 
143 5.781250 0.000000 3.161069 100.196125 0.000000 1.595336 -0.004181 
144 3.390625 0.000000 0.811697 99.920349 0.000000 -0.471556 0.001570 
145 4.187500 0.000000 0.811697 99.878524 0.000000 0.065473 0.002428 
146 3.390625 0.000000 1.594821 100.481675 0.000000 0.161616 -0.009659 
147 2.195312 0.000000 0.420135 94.704445 0.001496 -5.220699 0.100381 
148 1.796875 0.000000 0.420135 97.736771 0.001368 -4.544095 0.042687 
149 2.593750 0.000000 0.420135 88.712175 0.001781 -6.523645 0.208759 
150 2.195312 0.000000 0.811697 88.308391 0.001734 -9.512399 0.211114 
151 1.996094 0.000000 -0.167208 95.818359 0.001356 -3.995592 0.080288 
152 1.796875 0.000000 -0.167208 96.665610 0.001271 -3.539963 0.064323 
153 1.996094 0.000000 -0.362989 95.218147 0.001300 -3.522389 0.092110 
154 2.195312 0.000000 -0.167208 94.513117 0.001401 -4.218152 0.104948 
155 1.996094 0.000000 0.028573 85.079931 0.001596 -4.490126 0.274124 
156 0.203125 0.000000 0.811697 90.998904 -0.000259 20.958827 0.127993 
157 -0.593750 0.000000 0.811697 101.317824 0.000000 7.194468 -0.031706 
158 0.203125 0.000000 1.594821 103.708021 0.000000 3.950580 -0.077096 
159 1.398438 0.000000 0.420135 100.232027 0.001212 -3.651003 -0.005979 
160 1.000000 0.000000 0.420135 107.685421 0.000777 -0.080312 -0.159616 
161 1.398438 0.000000 0.811697 108.225839 0.001768 -9.922604 -0.181129 
162 1.597656 0.000000 -0.167208 98.320597 0.001076 -2.231465 0.032808 
163 1.398438 0.000000 -0.167208 99.704936 0.000900 -1.051032 0.005782 
164 1.597656 0.000000 -0.362989 98.135106 0.001233 -3.403207 0.035792 
165 1.597656 0.000000 0.028573 100.611881 0.001210 -4.153036 -0.014000 
166 1.996094 0.000000 0.224354 96.036247 0.001373 -4.300550 0.075854 
167 1.796875 0.000000 0.224354 97.591301 0.001311 -4.086701 0.045924 
168 2.195312 0.000000 0.224354 94.668586 0.001410 -4.435313 0.101819 
169 1.996094 0.000000 0.420135 96.186279 0.001440 -4.902190 0.072417 
170 1.896484 0.000000 -0.069318 95.820874 0.001215 -1.286619 0.081670 
171 1.796875 0.000000 -0.069318 97.096451 0.001008 -0.954948 0.057137 
172 1.896484 0.000000 -0.167208 96.133159 0.001340 -3.955726 0.074277 
173 1.996094 0.000000 -0.069318 95.783792 0.001363 -4.076426 0.080885 
174 1.896484 0.000000 0.028573 95.346163 0.001480 -6.207106 0.087058 
175 2.992188 0.000000 -0.362989 98.519068 -0.000000 -0.302817 0.029390 
176 2.992188 0.000000 -0.754551 98.502809 -0.000000 0.293573 0.029711 
177 3.390625 0.000000 -0.362989 98.952236 -0.000000 -0.147945 0.020843 
178 2.992188 0.000000 0.028573 98.820444 -0.000000 -0.869332 0.023376 
179 2.394531 0.000000 -0.167208 93.232472 0.001430 -4.383246 0.128849 
180 2.394531 0.000000 -0.362989 91.744345 0.001474 -4.426300 0.156338 
181 2.593750 0.000000 -0.167208 89.522783 0.001609 -4.505399 0.196537 
182 2.394531 0.000000 0.028573 93.217013 0.001435 -4.456430 0.129073 
183 2.095703 0.000000 -0.069318 94.599948 0.001400 -4.262880 0.103268 
184 2.095703 0.000000 -0.167208 94.635681 0.001394 -4.197133 0.102647 
185 2.195312 0.000000 -0.069318 94.474021 0.001407 -4.273668 0.105640 
186 2.095703 0.000000 0.028573 94.619794 0.001404 -4.333719 0.102831 
187 1.597656 0.000000 0.224354 100.089195 0.001388 -4.983003 -0.004268 
188 1.398438 0.000000 0.224354 102.511251 0.001407 -5.117571 -0.053475 
189 1.597656 0.000000 0.420135 98.608865 0.001297 -4.110688 0.025939 
190 1.896484 0.000000 0.126463 96.248990 0.001359 -4.238885 0.071816 
191 1.796875 0.000000 0.126463 98.418417 0.001351 -6.219419 0.027513 
192 1.996094 0.000000 0.126463 95.901854 0.001372 -4.239665 0.078486 
193 1.896484 0.000000 0.224354 96.366401 0.001363 -4.309917 0.069494 
194 1.946289 0.000000 -0.020373 92.696242 0.002123 -2.252889 0.140233 
195 1.896484 0.000000 -0.020373 94.717223 0.001516 -2.919680 0.102012 
196 1.946289 0.000000 -0.069318 95.940419 0.001355 -4.063393 0.077892 
197 1.996094 0.000000 -0.020373 84.248205 0.001681 -3.494626 0.289003 
198 1.946289 0.000000 0.028573 93.812064 0.001758 -7.657056 0.114067 
199 0.601562 0.000000 -0.362989 98.482469 0.000058 4.597300 0.028007 
200 0.203125 0.000000 -0.362989 94.204923 -0.000209 6.335037 0.108530 
201 0.601562 0.000000 -0.754551 101.039403 -0.000044 -2.763133 -0.021660 
202 0.601562 0.000000 0.028573 102.886711 0.000201 3.829675 -0.060034 
203 1.199219 0.000000 -0.167208 101.065812 0.000822 -0.764950 -0.021488 
204 1.000000 0.000000 -0.167208 104.721276 0.000532 0.241718 -0.096660 
205 1.199219 0.000000 -0.362989 102.036152 0.000964 -2.238651 -0.041639 
206 1.199219 0.000000 0.028573 103.429924 0.001036 -2.213733 -0.070265 
207 1.498047 0.000000 -0.069318 99.654982 0.000795 0.060825 0.006888 
208 1.398438 0.000000 -0.069318 100.389324 0.000922 -1.130009 -0.007929 
209 1.498047 0.000000 -0.167208 99.280311 0.001022 -1.891696 0.013984 
210 1.597656 0.000000 -0.069318 99.200596 0.000947 -1.507936 0.015697 
211 1.498047 0.000000 0.028573 101.710175 0.001323 -4.437843 -0.036465 
212 0.601562 0.000000 0.420135 99.761386 0.000113 5.417240 0.001832 
213 0.203125 0.000000 0.420135 96.286329 -0.000103 7.763381 0.066867 
214 0.601562 0.000000 0.811697 117.778185 0.000550 10.017207 -0.397205 
215 0.800781 0.000000 -0.167208 100.517717 0.000245 3.255034 -0.011441 
216 0.601562 0.000000 -0.167208 99.800464 0.000131 3.599441 0.002691 
217 0.800781 0.000000 -0.362989 104.146702 0.000277 1.252647 -0.084810 
218 0.800781 0.000000 0.028573 103.147964 0.000369 2.317113 -0.064487 
219 -37.250000 0.000000 -12.501411 99.934171 -0.000000 3.496082 0.000094 
220 -50.000000 0.000000 -12.501411 99.936888 -0.000000 3.493840 0.000041 
221 -37.250000 0.000000 -25.031394 99.932805 -0.000000 3.492986 0.000123 
222 -37.250000 0.000000 0.028573 99.938540 0.000000 3.498053 0.000005 
223 -18.125000 0.000000 -6.236419 99.917182 0.000000 3.513314 0.000421 
224 -24.500000 0.000000 -6.236419 99.929153 -0.000000 3.505121 0.000188 
225 -18.125000 0.000000 -12.501411 99.913006 0.000000 3.500829 0.000514 
226 -18.125000 0.000000 0.028573 99.933813 -0.000000 3.522424 0.000083 
227 -8.562500 0.000000 -3.103923 99.834669 -0.000000 3.583654 0.002020 
228 -11.750000 0.000000 -3.103923 99.891891 -0.000000 3.547288 0.000903 
229 -8.562500 0.000000 -6.236419 99.830909 -0.000000 3.524644 0.002137 
230 -8.562500 0.000000 0.028573 99.897564 -0.000000 3.625894 0.000733 
231 -3.781250 0.000000 -1.537675 99.520862 -0.000000 3.761131 0.008145 
232 -5.375000 0.000000 -1.537675 99.720972 -0.000000 3.690590 0.004211 
233 -3.781250 0.000000 -3.103923 99.527245 -0.000000 3.574479 0.008155 
234 -3.781250 0.000000 0.028573 99.707198 -0.000000 3.970084 0.004271 
235 -1.390625 0.000000 -0.754551 98.382555 -0.000000 4.188043 0.030333 
236 -2.187500 0.000000 -0.754551 99.058782 -0.000000 4.127630 0.017032 
237 -1.390625 0.000000 -1.537675 98.633377 -0.000000 3.592776 0.025855 
238 -1.390625 0.000000 0.028573 98.807185 -0.000000 5.199740 0.021010 
239 -0.195312 0.000000 -0.362989 88.356288 -0.000393 7.917432 0.213048 
240 -0.593750 0.000000 -0.362989 76.376535 -0.000652 10.450540 0.405741 
241 -0.195312 0.000000 -0.754551 75.502947 -0.000653 3.826769 0.428466 
242 -0.195312 0.000000 0.028573 89.730409 -0.000349 8.963562 0.186811 
243 0.402344 0.000000 -0.167208 98.633881 0.000011 3.393107 0.025984 
244 0.203125 0.000000 -0.167208 96.165298 -0.000153 3.152811 0.074230 
245 0.402344 0.000000 -0.362989 96.648766 -0.000086 5.530857 0.062843 
246 0.402344 0.000000 0.028573 102.323985 0.000054 6.424750 -0.051148 
247 -37.250000 0.000000 12.558556 99.943299 -0.000000 3.496615 -0.000089 
248 -50.000000 0.000000 12.558556 99.940994 -0.000000 3.494021 -0.000041 
249 -37.250000 0.000000 25.088540 99.945241 0.000000 3.493513 -0.000126 
250 -18.125000 0.000000 6.293564 99.953632 0.000000 3.517841 -0.000310 
251 -24.500000 0.000000 6.293564 99.945604 0.000000 3.506705 -0.000142 
252 -18.125000 0.000000 12.558556 99.962636 -0.000000 3.505480 -0.000482 
253 -8.562500 0.000000 3.161069 99.983488 0.000000 3.620443 -0.000981 
254 -11.750000 0.000000 3.161069 99.956822 0.000000 3.559930 -0.000404 
255 -8.562500 0.000000 6.293564 100.024261 0.000000 3.560949 -0.001753 
256 -3.781250 0.000000 1.594821 100.027096 0.000000 3.980127 -0.002126 
257 -5.375000 0.000000 1.594821 99.963329 0.000000 3.778065 -0.000694 
258 -3.781250 0.000000 3.161069 100.220685 0.000000 3.809375 -0.005870 
259 -1.390625 0.000000 0.811697 100.068960 0.000000 5.437528 -0.004336 
260 -2.187500 0.000000 0.811697 99.886166 0.000000 4.633278 0.000129 
261 -1.390625 0.000000 1.594821 100.832129 0.000000 4.810086 -0.019026 
262 -0.195312 0.000000 0.420135 90.601677 -0.000340 10.270912 0.168584 
263 -0.593750 0.000000 0.420135 73.463649 -0.000669 16.365542 0.433526 
264 -0.195312 0.000000 0.811697 85.183137 -0.000328 36.731028 0.139466 
265 0.003906 0.000000 -0.167208 92.218162 -0.000264 7.224278 0.144362 
266 -0.195312 0.000000 -0.167208 89.646286 -0.000353 8.217154 0.189602 
267 0.003906 0.000000 -0.362989 91.386752 -0.000310 7.152440 0.159730 
268 0.003906 0.000000 0.028573 58.818464 -0.000535 43.477381 0.465011 
269 0.402344 0.000000 0.224354 103.306986 0.000074 7.441980 -0.072772 
270 0.203125 0.000000 0.224354 95.977736 -0.000118 7.553029 0.073123 
271 0.601562 0.000000 0.224354 104.211317 0.000257 4.297758 -0.087847 
272 0.402344 0.000000 0.420135 98.539661 0.000046 6.242485 0.025097 
273 0.302734 0.000000 -0.069318 98.997980 -0.000068 0.528868 0.019912 
274 0.203125 0.000000 -0.069318 99.573138 -0.000165 -5.358824 0.005647 
275 0.302734 0.000000 -0.167208 97.176111 -0.000089 4.015097 0.054068 
276 0.402344 0.000000 -0.069318 99.045543 0.000017 3.140526 0.018012 
277 0.302734 0.000000 0.028573 100.302287 -0.000058 6.748536 -0.010609 
278 0.003906 0.000000 0.224354 93.133488 -0.000240 8.717439 0.125016 
279 -0.195312 0.000000 0.224354 90.392296 -0.000334 9.554769 0.173794 
280 0.003906 0.000000 0.420135 93.587308 -0.000232 9.103724 0.115854 
281 0.103516 0.000000 -0.069318 96.368280 -0.000504 -13.635737 0.052722 
282 0.003906 0.000000 -0.069318 88.750775 -0.000545 -5.357587 0.209460 
283 0.103516 0.000000 -0.167208 93.048568 -0.000245 7.024135 0.129263 
284 0.103516 0.000000 0.028573 98.738421 -0.000184 17.344756 -0.005012 
285 -0.992188 0.000000 -0.362989 97.665181 -0.000000 4.830098 0.043818 
286 -1.390625 0.000000 -0.362989 98.448022 -0.000000 4.688973 0.028600 
287 -0.992188 0.000000 -0.754551 97.819548 -0.000000 4.013753 0.041523 
288 -0.992188 0.000000 0.028573 98.146921 -0.000000 5.870886 0.033271 
289 -0.394531 0.000000 -0.167208 86.931045 -0.000431 9.157424 0.235914 
290 -0.593750 0.000000 -0.167208 79.099741 -0.000589 8.720695 0.366718 
291 -0.394531 0.000000 -0.362989 84.673648 -0.000478 8.417102 0.275953 
292 -0.394531 0.000000 0.028573 86.996954 -0.000428 9.737580 0.233671 
293 -0.095703 0.000000 -0.069318 90.468790 -0.000329 8.254122 0.174727 
294 -0.195312 0.000000 -0.069318 89.606589 -0.000353 8.580600 0.189703 
295 -0.095703 0.000000 -0.167208 90.009627 -0.000347 8.059725 0.183331 
296 -0.095703 0.000000 0.028573 91.328981 -0.000287 8.392101 0.158859 
297 0.103516 0.000000 0.126463 101.847594 -0.000148 19.349886 -0.074735 
298 0.003906 0.000000 0.126463 92.726618 -0.000250 8.457910 0.133024 
299 0.203125 0.000000 0.126463 106.303700 -0.000045 15.733354 -0.154802 
300 0.103516 0.000000 0.224354 94.012891 -0.000220 8.557950 0.108834 
301 0.053711 0.000000 -0.020373 88.450143 -0.000687 -13.838628 0.198506 
302 0.003906 0.000000 -0.020373 46.532922 -0.001095 -23.565029 0.727938 
303 0.053711 0.000000 -0.069318 89.193638 -0.000656 -12.966205 0.187637 
304 0.103516 0.000000 -0.020373 94.457062 -0.000363 -1.580707 0.107536 
305 0.053711 0.000000 0.028573 95.764517 -0.000209 32.414682 -0.022155 
306 -0.992188 0.000000 0.420135 99.304475 -0.000000 6.400824 0.009765 
307 -1.390625 0.000000 0.420135 99.424145 -0.000000 5.485014 0.008475 
308 -0.992188 0.000000 0.811697 100.402969 0.000000 6.148860 -0.011856 
309 -0.394531 0.000000 0.224354 87.455945 -0.000419 10.231886 0.224677 
310 -0.593750 0.000000 0.224354 81.335618 -0.000561 12.936710 0.321716 
311 -0.394531 0.000000 0.420135 86.976332 -0.000443 11.512702 0.230258 
312 -0.095703 0.000000 0.126463 91.654007 -0.000278 8.755650 0.152288 
313 -0.195312 0.000000 0.126463 90.009395 -0.000343 9.304193 0.181174 
314 -0.095703 0.000000 0.224354 92.085527 -0.000267 9.005078 0.143916 
315 0.053711 0.000000 0.077518 97.207202 -0.000195 31.099208 -0.041640 
316 0.003906 0.000000 0.077518 92.733167 -0.000244 24.347418 0.080776 
317 0.103516 0.000000 0.077518 109.666395 -0.000074 35.552536 -0.329070 
318 0.053711 0.000000 0.126463 97.688329 -0.000196 16.122174 0.019707 
319 0.302734 0.000000 0.126463 113.408798 0.000070 13.858744 -0.305362 
320 0.402344 0.000000 0.126463 104.745927 0.000083 7.699612 -0.103099 
321 0.302734 0.000000 0.224354 100.635601 -0.000053 8.749745 -0.020408 
322 0.800781 0.000000 0.224354 104.259754 0.000460 1.893678 -0.087368 
323 1.000000 0.000000 0.224354 108.297442 0.000912 -2.202764 -0.173319 
324 0.800781 0.000000 0.420135 108.653129 0.000572 3.393536 -0.181702 
325 1.199219 0.000000 0.224354 104.286749 0.001263 -3.917111 -0.089107 
326 1.199219 0.000000 0.420135 104.357037 0.000991 -2.788623 -0.089817 
327 1.498047 0.000000 0.126463 102.447486 0.001515 -6.097344 -0.053267 
328 1.398438 0.000000 0.126463 102.868109 0.001376 -4.916929 -0.060602 
329 1.597656 0.000000 0.126463 101.200954 0.001497 -6.680446 -0.028626 
330 1.498047 0.000000 0.224354 100.735749 0.001357 -4.859679 -0.017131 
331 1.697266 0.000000 -0.069318 98.207501 0.000969 -1.301972 0.035359 
332 1.697266 0.000000 -0.167208 97.775639 0.001262 -3.625696 0.042678 
333 1.697266 0.000000 0.028573 99.572166 0.001183 -4.840400 0.006195 
334 1.846680 0.000000 -0.020373 96.916538 0.001012 -2.036677 0.060304 
335 1.796875 0.000000 -0.020373 97.407081 0.000857 0.007174 0.051186 
336 1.846680 0.000000 -0.069318 96.126343 0.001025 0.234615 0.075967 
337 1.846680 0.000000 0.028573 97.847027 0.001086 -6.674159 0.038141 
338 2.992188 0.000000 0.420135 99.408884 0.000000 -1.108252 0.011665 
339 3.390625 0.000000 0.420135 99.533710 0.000000 -0.592602 0.009269 
340 2.992188 0.000000 0.811697 100.029126 0.000000 -0.936624 -0.000670 
341 2.394531 0.000000 0.224354 93.326995 0.001434 -4.526873 0.126958 
342 2.593750 0.000000 0.224354 89.557371 0.001607 -4.574763 0.195855 
343 2.394531 0.000000 0.420135 91.860783 0.001476 -4.640519 0.154006 
344 2.095703 0.000000 0.126463 94.695558 0.001406 -4.400658 0.101339 
345 2.195312 0.000000 0.126463 94.557806 0.001411 -4.388144 0.103957 
346 2.095703 0.000000 0.224354 94.811704 0.001406 -4.455953 0.099089 
347 1.946289 0.000000 0.077518 96.012208 0.001364 -4.199975 0.076402 
348 1.896484 0.000000 0.077518 97.044049 0.001290 -7.478390 0.052653 
349 1.996094 0.000000 0.077518 95.849826 0.001370 -4.202360 0.079515 
350 1.946289 0.000000 0.126463 96.062915 0.001366 -4.240508 0.075393 
351 1.921387 0.000000 0.004100 93.286872 0.001872 -4.753053 0.127497 
352 1.896484 0.000000 0.004100 94.905138 0.001513 -4.437796 0.097332 
353 1.921387 0.000000 -0.020373 93.606702 0.001869 -2.511415 0.123148 
354 1.946289 0.000000 0.004100 88.695298 0.002009 -4.670353 0.211133 
355 1.921387 0.000000 0.028573 94.177056 0.001639 -6.489482 0.108857 
356 2.045898 0.000000 -0.020373 95.658668 0.001371 -4.126382 0.083239 
357 2.045898 0.000000 -0.069318 95.655685 0.001369 -4.086975 0.083329 
358 2.095703 0.000000 -0.020373 94.602484 0.001402 -4.298204 0.103190 
359 2.045898 0.000000 0.028573 95.679072 0.001374 -4.165353 0.082816 
360 1.971191 0.000000 0.004100 82.533764 0.001810 -4.643207 0.316662 
361 1.971191 0.000000 -0.020373 85.580801 0.001889 -3.343422 0.266475 
362 1.996094 0.000000 0.004100 82.079146 0.001680 -4.277021 0.324472 
363 1.971191 0.000000 0.028573 86.545096 0.001781 -4.992521 0.248502 
364 4.984375 0.000000 -0.754551 99.554514 -0.000000 0.507628 0.008864 
365 4.984375 0.000000 -1.537675 99.486231 -0.000000 0.989207 0.010151 
366 5.781250 0.000000 -0.754551 99.705716 -0.000000 0.619400 0.005839 
367 4.984375 0.000000 0.028573 99.699866 0.000000 0.213672 0.005989 
368 8.968750 0.000000 -1.537675 99.894294 -0.000000 1.209308 0.001967 
369 8.968750 0.000000 -3.103923 99.845275 -0.000000 1.875940 0.002740 
370 10.562500 0.000000 -1.537675 99.934270 -0.000000 1.258662 0.001156 
371 8.968750 0.000000 0.028573 99.965231 -0.000000 0.605015 0.000659 
372 6.578125 0.000000 -0.754551 99.798557 -0.000000 0.695155 0.003976 
373 6.578125 0.000000 -1.537675 99.743781 -0.000000 1.091068 0.004999 
374 7.375000 0.000000 -0.754551 99.859938 -0.000000 0.756029 0.002742 
375 6.578125 0.000000 0.028573 99.869799 0.000000 0.453992 0.002582 
376 8.968750 0.000000 1.594821 100.011953 0.000000 1.071563 -0.000354 
377 10.562500 0.000000 1.594821 100.013014 0.000000 1.088922 -0.000379 
378 8.968750 0.000000 3.161069 100.046809 0.000000 1.711229 -0.001229 
379 4.984375 0.000000 0.811697 99.897929 0.000000 0.341391 0.002029 
380 5.781250 0.000000 0.811697 99.924968 0.000000 0.521109 0.001473 
381 4.984375 0.000000 1.594821 100.089412 0.000000 0.699489 -0.001838 
382 6.578125 0.000000 0.811697 99.947519 0.000000 0.623556 0.001010 
383 7.375000 0.000000 0.811697 99.966591 0.000000 0.689224 0.000621 
384 6.578125 0.000000 1.594821 100.023335 0.000000 0.945734 -0.000556 
385 1.697266 0.000000 0.126463 99.411788 0.001442 -6.202798 0.007882 
386 1.697266 0.000000 0.224354 98.058984 0.001298 -4.059638 0.036796 
387 1.846680 0.000000 0.077518 98.519880 0.001333 -9.011991 0.021262 
388 1.796875 0.000000 0.077518 98.786685 0.001243 -6.087143 0.020414 
389 1.846680 0.000000 0.126463 97.138670 0.001360 -4.369576 0.054499 
390 2.045898 0.000000 0.077518 95.716314 0.001375 -4.202551 0.082073 
391 2.095703 0.000000 0.077518 94.651357 0.001405 -4.368236 0.102204 
392 2.045898 0.000000 0.126463 95.768554 0.001376 -4.236780 0.081043 
1 7 12 10 11 
2 12 2 13 10 
3 1 17 15 16 
4 17 7 11 15 
5 19 21 3 22 
6 20 19 22 9 
7 11 25 23 24 
8 25 10 26 23 
9 28 20 9 30 
10 29 28 30 4 
11 15 33 31 32 
12 33 11 24 31 
13 35 37 19 38 
14 36 35 38 20 
15 24 41 39 40 
16 41 23 42 39 
17 44 36 20 46 
18 45 44 46 28 
19 31 49 47 48 
20 49 24 40 47 
21 51 53 35 54 
22 52 51 54 36 
23 40 57 55 56 
24 57 39 58 55 
25 60 52 36 62 
26 61 60 62 44 
27 47 65 63 64 
28 65 40 56 63 
29 67 69 51 70 
30 68 67 70 52 
31 56 73 71 72 
32 73 55 74 71 
33 76 68 52 78 
34 77 76 78 60 
35 63 81 79 80 
36 81 56 72 79 
37 83 85 67 86 
38 84 83 86 68 
39 72 89 87 88 
40 89 71 90 87 
41 10 93 92 26 
42 93 13 94 92 
43 92 94 8 95 
44 26 92 95 14 
45 23 97 96 42 
46 97 26 98 96 
47 96 98 14 99 
48 42 96 99 27 
49 39 101 100 58 
50 101 42 102 100 
51 100 102 27 103 
52 55 105 104 74 
53 105 58 106 104 
54 71 109 108 90 
55 109 74 110 108 
56 108 110 59 111 
57 112 84 68 114 
58 113 112 114 76 
59 115 117 83 118 
60 116 115 118 84 
61 87 121 119 120 
62 121 90 122 119 
63 79 126 124 125 
64 126 72 88 124 
65 88 130 128 129 
66 130 87 120 128 
67 14 95 132 37 
68 95 8 133 132 
69 132 133 21 134 
70 37 132 134 19 
71 27 99 135 53 
72 99 14 136 135 
73 135 136 37 137 
74 53 135 137 35 
75 103 27 139 138 
76 138 139 53 140 
77 69 138 140 51 
78 141 142 69 143 
79 85 141 143 67 
80 111 59 145 144 
81 144 145 85 146 
82 117 144 146 83 
83 147 149 117 150 
84 148 147 150 115 
85 120 153 151 152 
86 153 119 154 151 
87 156 116 84 158 
88 157 156 158 112 
89 159 148 115 161 
90 160 159 161 116 
91 128 164 162 163 
92 164 120 152 162 
93 166 168 147 169 
94 167 166 169 148 
95 152 172 170 171 
96 172 151 173 170 
97 90 176 175 122 
98 176 108 177 175 
99 175 177 111 178 
100 122 175 178 75 
101 119 180 179 154 
102 180 122 181 179 
103 179 181 75 182 
104 154 179 182 123 
105 151 184 183 173 
106 184 154 185 183 
107 183 185 123 186 
108 187 167 148 189 
109 188 187 189 159 
110 190 192 166 193 
111 191 190 193 167 
112 170 196 194 195 
113 196 173 197 194 
114 124 201 199 200 
115 201 88 129 199 
116 129 205 203 204 
117 205 128 163 203 
118 203 163 131 206 
119 204 203 206 5 
120 163 209 207 208 
121 209 162 210 207 
122 207 210 165 211 
123 208 207 211 131 
124 212 160 116 214 
125 213 212 214 156 
126 199 217 215 216 
127 217 129 204 215 
128 215 204 5 218 
129 216 215 218 202 
130 16 221 219 220 
131 221 15 32 219 
132 219 32 18 222 
133 220 219 222 6 
134 32 225 223 224 
135 225 31 48 223 
136 223 48 34 226 
137 224 223 226 18 
138 48 229 227 228 
139 229 47 64 227 
140 227 64 50 230 
141 228 227 230 34 
142 64 233 231 232 
143 233 63 80 231 
144 231 80 66 234 
145 232 231 234 50 
146 80 237 235 236 
147 237 79 125 235 
148 236 235 238 66 
149 125 241 239 240 
150 241 124 200 239 
151 200 245 243 244 
152 245 199 216 243 
153 243 216 202 246 
154 6 222 247 248 
155 222 18 45 247 
156 247 45 28 249 
157 248 247 249 29 
158 18 226 250 251 
159 226 34 61 250 
160 250 61 44 252 
161 251 250 252 45 
162 34 230 253 254 
163 230 50 77 253 
164 253 77 60 255 
165 254 253 255 61 
166 50 234 256 257 
167 234 66 113 256 
168 256 113 76 258 
169 257 256 258 77 
170 66 238 259 260 
171 259 157 112 261 
172 260 259 261 113 
173 262 213 156 264 
174 263 262 264 157 
175 239 267 265 266 
176 267 200 244 265 
177 246 202 271 269 
178 269 271 212 272 
179 270 269 272 213 
180 244 275 273 274 
181 275 243 276 273 
182 273 276 246 277 
183 274 273 277 127 
184 278 270 213 280 
185 279 278 280 262 
186 265 283 281 282 
187 283 244 274 281 
188 281 274 127 284 
189 235 287 285 286 
190 287 125 240 285 
191 285 240 82 288 
192 286 285 288 238 
193 240 291 289 290 
194 291 239 266 289 
195 289 266 242 292 
196 290 289 292 82 
197 266 295 293 294 
198 295 265 282 293 
199 293 282 268 296 
200 294 293 296 242 
201 284 127 299 297 
202 297 299 270 300 
203 298 297 300 278 
204 282 303 301 302 
205 303 281 304 301 
206 301 304 284 305 
207 302 301 305 268 
208 238 288 306 307 
209 288 82 263 306 
210 306 263 157 308 
211 307 306 308 259 
212 82 292 309 310 
213 292 242 279 309 
214 309 279 262 311 
215 310 309 311 263 
216 242 296 312 313 
217 296 268 298 312 
218 312 298 278 314 
219 313 312 314 279 
220 268 305 315 316 
221 305 284 317 315 
222 315 317 297 318 
223 316 315 318 298 
224 127 277 319 299 
225 277 246 320 319 
226 319 320 269 321 
227 299 319 321 270 
228 202 218 322 271 
229 218 5 323 322 
230 322 323 160 324 
231 271 322 324 212 
232 5 206 325 323 
233 206 131 188 325 
234 325 188 159 326 
235 323 325 326 160 
236 131 211 327 328 
237 211 165 329 327 
238 327 329 187 330 
239 328 327 330 188 
240 162 332 331 210 
241 332 152 171 331 
242 331 171 91 333 
243 210 331 333 165 
244 171 336 334 335 
245 336 170 195 334 
246 334 195 174 337 
247 335 334 337 91 
248 75 178 338 149 
249 178 111 339 338 
250 338 339 144 340 
251 149 338 340 117 
252 123 182 341 168 
253 182 75 342 341 
254 341 342 149 343 
255 168 341 343 147 
256 186 123 345 344 
257 344 345 168 346 
258 192 344 346 166 
259 174 198 347 348 
260 198 155 349 347 
261 347 349 192 350 
262 348 347 350 190 
263 195 353 351 352 
264 353 194 354 351 
265 351 354 198 355 
266 352 351 355 174 
267 173 357 356 197 
268 357 183 358 356 
269 356 358 186 359 
270 197 356 359 155 
271 194 361 360 354 
272 361 197 362 360 
273 360 362 155 363 
274 354 360 363 198 
275 74 365 364 110 
276 365 104 366 364 
277 364 366 107 367 
278 110 364 367 59 
279 58 369 368 106 
280 369 100 370 368 
281 368 370 103 371 
282 106 368 371 43 
283 104 373 372 366 
284 373 106 374 372 
285 372 374 43 375 
286 366 372 375 107 
287 43 371 376 142 
288 371 103 377 376 
289 376 377 138 378 
290 142 376 378 69 
291 59 367 379 145 
292 367 107 380 379 
293 379 380 141 381 
294 145 379 381 85 
295 107 375 382 380 
296 375 43 383 382 
297 382 383 142 384 
298 380 382 384 141 
299 165 333 385 329 
300 333 91 191 385 
301 385 191 167 386 
302 329 385 386 187 
303 91 337 387 388 
304 337 174 348 387 
305 387 348 190 389 
306 388 387 389 191 
307 155 359 390 349 
308 359 186 391 390 
309 390 391 344 392 
310 349 390 392 192 
