2 0.000000 100.000000 747.808936
397 313 
1 -50.000000 0.000000 -50.091361 99.446076 0.000000 10.454177 0.000119 
2 52.000000 0.000000 -50.091361 99.448361 -0.000000 10.420725 0.000143 
3 52.000000 0.000000 50.148507 99.462991 0.000000 10.404218 -0.000113 
4 -50.000000 0.000000 50.148507 99.459333 0.000000 10.453921 -0.000144 
5 1.000000 0.000000 0.028573 105.817837 0.000780 -1.190337 -0.119883 
6 -50.000000 0.000000 0.028573 99.452756 -0.000000 10.462143 -0.000031 
7 1.000000 0.000000 -50.091361 99.435120 -0.000000 10.435448 0.000376 
8 52.000000 0.000000 0.028573 99.665700 -0.000000 8.399727 -0.000381 
9 1.000000 0.000000 50.148507 99.473438 0.000000 10.431778 -0.000379 
10 26.500000 0.000000 -25.031394 99.436918 0.000000 10.326361 0.000567 
11 1.000000 0.000000 -25.031394 99.385189 -0.000000 10.383377 0.001477 
12 26.500000 0.000000 -50.091361 99.441336 -0.000000 10.422625 0.000279 
13 52.000000 0.000000 -25.031394 99.455563 -0.000000 10.345025 0.000157 
14 26.500000 0.000000 0.028573 99.846552 -0.000000 6.600988 -0.001291 
15 -24.500000 0.000000 -25.031394 99.427374 -0.000000 10.457699 0.000483 
16 -50.000000 0.000000 -25.031394 99.446163 -0.000000 10.458403 0.000108 
17 -24.500000 0.000000 -50.091361 99.439656 -0.000000 10.449674 0.000256 
18 -24.500000 0.000000 0.028573 99.452914 0.000000 10.490397 -0.000093 
19 26.500000 0.000000 25.088540 99.493988 0.000000 10.265098 -0.000443 
20 1.000000 0.000000 25.088540 99.536292 0.000000 10.370140 -0.001501 
21 52.000000 0.000000 25.088540 99.481762 0.000000 10.216826 -0.000100 
22 26.500000 0.000000 50.148507 99.468885 0.000000 10.413399 -0.000250 
23 13.750000 0.000000 -12.501411 99.390648 -0.000000 9.980082 0.002190 
24 1.000000 0.000000 -12.501411 99.198576 -0.000000 10.185355 0.005590 
25 13.750000 0.000000 -25.031394 99.409567 -0.000000 10.333955 0.001095 
26 26.500000 0.000000 -12.501411 99.463258 -0.000000 10.044008 0.000618 
27 13.750000 0.000000 0.028573 99.948656 -0.000000 5.255973 -0.001736 
28 -24.500000 0.000000 25.088540 99.480678 -0.000000 10.457502 -0.000576 
29 -50.000000 0.000000 25.088540 99.459415 0.000000 10.458340 -0.000155 
30 -24.500000 0.000000 50.148507 99.466890 -0.000000 10.448744 -0.000284 
31 -11.750000 0.000000 -12.501411 99.351366 -0.000000 10.468955 0.001971 
32 -24.500000 0.000000 -12.501411 99.426990 0.000000 10.474563 0.000456 
33 -11.750000 0.000000 -25.031394 99.402087 -0.000000 10.439209 0.001025 
34 -11.750000 0.000000 0.028573 99.444169 -0.000000 10.604515 -0.000160 
35 13.750000 0.000000 12.558556 99.604432 0.000000 9.785804 -0.001680 
36 1.000000 0.000000 12.558556 99.773881 0.000000 10.145006 -0.005775 
37 26.500000 0.000000 12.558556 99.554735 0.000000 9.644400 -0.000416 
38 13.750000 0.000000 25.088540 99.517385 0.000000 10.299307 -0.000979 
39 7.375000 0.000000 -6.236419 99.194707 -0.000000 8.942119 0.008045 
40 1.000000 0.000000 -6.236419 98.608205 -0.000000 9.590006 0.018445 
41 7.375000 0.000000 -12.501411 99.289966 -0.000000 10.010342 0.004130 
42 13.750000 0.000000 -6.236419 99.468146 -0.000000 9.111266 0.002307 
43 7.375000 0.000000 0.028573 99.839359 -0.000000 4.410337 0.001265 
44 -11.750000 0.000000 12.558556 99.564386 -0.000000 10.474446 -0.002278 
45 -24.500000 0.000000 12.558556 99.480489 -0.000000 10.475550 -0.000610 
46 -11.750000 0.000000 25.088540 99.510869 -0.000000 10.437060 -0.001135 
47 -5.375000 0.000000 -6.236419 99.053408 -0.000000 10.497026 0.007823 
48 -11.750000 0.000000 -6.236419 99.345085 -0.000000 10.535537 0.001956 
49 -5.375000 0.000000 -12.501411 99.256093 -0.000000 10.394217 0.004019 
50 -5.375000 0.000000 0.028573 99.363407 -0.000000 11.048118 0.000485 
51 7.375000 0.000000 6.293564 99.927560 0.000000 8.543719 -0.005851 
52 1.000000 0.000000 6.293564 100.558146 0.000000 9.501172 -0.020221 
53 13.750000 0.000000 6.293564 99.733806 0.000000 8.328971 -0.001620 
54 7.375000 0.000000 12.558556 99.694978 0.000000 9.896391 -0.003703 
55 4.187500 0.000000 -3.103923 98.566958 -0.000000 7.113315 0.023396 
56 1.000000 0.000000 -3.103923 97.223591 -0.000000 8.414141 0.047678 
57 4.187500 0.000000 -6.236419 98.886147 -0.000000 9.076139 0.013915 
58 7.375000 0.000000 -3.103923 99.327275 -0.000000 7.264489 0.008132 
59 4.187500 0.000000 0.028573 99.319718 -0.000000 3.321580 0.012456 
60 -5.375000 0.000000 6.293564 99.876649 0.000000 10.560240 -0.008686 
61 -11.750000 0.000000 6.293564 99.559521 -0.000000 10.548681 -0.002337 
62 -5.375000 0.000000 12.558556 99.681793 0.000000 10.397058 -0.004456 
63 -2.187500 0.000000 -3.103923 98.074563 -0.000000 10.563921 0.026978 
64 -5.375000 0.000000 -3.103923 99.008311 -0.000000 10.748117 0.008183 
65 -2.187500 0.000000 -6.236419 98.743434 -0.000000 10.219994 0.014529 
66 -2.187500 0.000000 0.028573 98.938121 -0.000000 12.698948 0.004998 
67 4.187500 0.000000 3.161069 100.639214 0.000000 6.485927 -0.017032 
68 1.000000 0.000000 3.161069 102.587684 0.000000 8.231595 -0.059199 
69 7.375000 0.000000 3.161069 100.011453 0.000000 6.555128 -0.004526 
70 4.187500 0.000000 6.293564 100.250515 0.000000 8.789844 -0.012743 
71 2.593750 0.000000 -1.537675 97.154656 -0.000000 5.225406 0.053367 
72 1.000000 0.000000 -1.537675 95.365588 -0.000000 6.916197 0.085757 
73 2.593750 0.000000 -3.103923 97.833835 -0.000000 7.424125 0.037342 
74 4.187500 0.000000 -1.537675 98.613875 -0.000000 5.202994 0.024823 
75 2.593750 0.000000 0.028573 89.135525 0.002349 -4.642079 0.203331 
76 -2.187500 0.000000 3.161069 100.892858 0.000000 10.969616 -0.029970 
77 -5.375000 0.000000 3.161069 99.831747 0.000000 10.856033 -0.008423 
78 -2.187500 0.000000 6.293564 100.290728 0.000000 10.296330 -0.016424 
79 -0.593750 0.000000 -1.537675 95.544202 -0.000000 10.466242 0.076176 
80 -2.187500 0.000000 -1.537675 97.810083 -0.000000 11.442503 0.030226 
81 -0.593750 0.000000 -3.103923 97.329954 -0.000000 9.760867 0.043161 
82 -0.593750 0.000000 0.028573 82.208485 -0.001477 24.533953 0.263985 
83 2.593750 0.000000 1.594821 101.963825 0.000000 3.616077 -0.040970 
84 1.000000 0.000000 1.594821 106.386852 0.000000 6.194088 -0.135653 
85 4.187500 0.000000 1.594821 100.337799 0.000000 4.521348 -0.008812 
86 2.593750 0.000000 3.161069 101.600711 0.000000 6.754142 -0.036832 
87 1.796875 0.000000 -0.754551 93.793440 0.002017 -3.421607 0.119108 
88 1.000000 0.000000 -0.754551 94.521511 -0.000938 4.617771 0.104436 
89 1.796875 0.000000 -1.537675 96.195272 -0.000000 5.836318 0.071241 
90 2.593750 0.000000 -0.754551 96.874777 -0.000000 3.388857 0.060379 
91 1.796875 0.000000 0.028573 99.371127 0.002427 -8.130495 0.005927 
92 39.250000 0.000000 -12.501411 99.475987 -0.000000 10.108204 0.000235 
93 39.250000 0.000000 -25.031394 99.450122 -0.000000 10.334681 0.000287 
94 52.000000 0.000000 -12.501411 99.477090 -0.000000 10.158016 0.000112 
95 39.250000 0.000000 0.028573 99.742730 -0.000000 7.647998 -0.000710 
96 20.125000 0.000000 -6.236419 99.523663 -0.000000 9.291788 0.000870 
97 20.125000 0.000000 -12.501411 99.441535 -0.000000 10.007520 0.001123 
98 26.500000 0.000000 -6.236419 99.533849 -0.000000 9.438004 0.000394 
99 20.125000 0.000000 0.028573 99.903929 -0.000000 5.963175 -0.001635 
100 10.562500 0.000000 -3.103923 99.553566 -0.000000 7.562236 0.003190 
101 10.562500 0.000000 -6.236419 99.384658 -0.000000 9.015253 0.004141 
102 13.750000 0.000000 -3.103923 99.625975 -0.000000 7.833554 0.001330 
103 10.562500 0.000000 0.028573 99.942675 -0.000000 4.849486 -0.001206 
104 5.781250 0.000000 -1.537675 99.250437 -0.000000 5.546986 0.011858 
105 5.781250 0.000000 -3.103923 99.051233 -0.000000 7.129915 0.013802 
106 7.375000 0.000000 -1.537675 99.538060 -0.000000 5.852183 0.005793 
107 5.781250 0.000000 0.028573 99.663681 -0.000000 4.069547 0.005059 
108 3.390625 0.000000 -0.754551 98.192834 -0.000000 3.664358 0.034474 
109 3.390625 0.000000 -1.537675 98.014117 -0.000000 5.083179 0.036739 
110 4.187500 0.000000 -0.754551 98.853816 -0.000000 4.085654 0.021123 
111 3.390625 0.000000 0.028573 98.935412 -0.000000 2.516127 0.020545 
112 -0.593750 0.000000 1.594821 103.874729 0.000000 12.342752 -0.094230 
113 -2.187500 0.000000 1.594821 100.693346 0.000000 12.079685 -0.028507 
114 -0.593750 0.000000 3.161069 102.106103 0.000000 10.214315 -0.052999 
115 1.796875 0.000000 0.811697 95.668340 0.002693 -6.758870 0.080189 
116 1.000000 0.000000 0.811697 119.819610 0.002565 -6.563501 -0.439982 
117 2.593750 0.000000 0.811697 100.907585 0.000000 1.254861 -0.018392 
118 1.796875 0.000000 1.594821 104.101507 0.000000 3.869820 -0.085210 
119 2.195312 0.000000 -0.362989 93.148888 0.002089 -3.711397 0.130951 
120 1.796875 0.000000 -0.362989 96.049091 0.001987 -3.578697 0.076177 
121 2.195312 0.000000 -0.754551 87.306498 0.002183 -2.453775 0.237155 
122 2.593750 0.000000 -0.362989 89.178326 0.002347 -4.582537 0.202623 
123 2.195312 0.000000 0.028573 94.104747 0.002252 -4.501506 0.112403 
124 0.203125 0.000000 -0.754551 80.473266 -0.001739 16.745376 0.324365 
125 -0.593750 0.000000 -0.754551 93.830031 -0.000000 12.569156 0.103794 
126 0.203125 0.000000 -1.537675 94.876772 -0.000000 8.605942 0.092434 
127 0.203125 0.000000 0.028573 102.048611 -0.000759 17.866840 -0.073314 
128 1.398438 0.000000 -0.362989 99.138653 0.001735 -3.141046 0.016166 
129 1.000000 0.000000 -0.362989 104.633647 0.000669 -1.049670 -0.094930 
130 1.398438 0.000000 -0.754551 98.595375 0.000908 1.679830 0.027613 
131 1.398438 0.000000 0.028573 101.722377 0.001834 -3.386814 -0.035891 
132 39.250000 0.000000 12.558556 99.562683 0.000000 9.451521 -0.000206 
133 52.000000 0.000000 12.558556 99.588503 0.000000 9.174458 -0.000204 
134 39.250000 0.000000 25.088540 99.484161 0.000000 10.242074 -0.000200 
135 20.125000 0.000000 6.293564 99.722261 0.000000 8.046061 -0.000927 
136 26.500000 0.000000 6.293564 99.749278 0.000000 7.684168 -0.000896 
137 20.125000 0.000000 12.558556 99.565852 0.000000 9.717328 -0.000779 
138 10.562500 0.000000 3.161069 99.913212 0.000000 6.466175 -0.002446 
139 13.750000 0.000000 3.161069 99.902053 0.000000 6.288997 -0.001997 
140 10.562500 0.000000 6.293564 99.785416 0.000000 8.438289 -0.002833 
141 5.781250 0.000000 1.594821 100.030801 0.000000 5.013609 -0.003130 
142 7.375000 0.000000 1.594821 99.972676 0.000000 5.187459 -0.002145 
143 5.781250 0.000000 3.161069 100.192551 0.000000 6.522879 -0.008110 
144 3.390625 0.000000 0.811697 100.078147 0.000000 2.833986 -0.002367 
145 4.187500 0.000000 0.811697 99.888559 0.000000 3.630868 0.000909 
146 3.390625 0.000000 1.594821 100.843548 0.000000 4.073138 -0.018601 
147 2.195312 0.000000 0.420135 94.560632 0.002426 -5.388968 0.102925 
148 1.796875 0.000000 0.420135 97.657868 0.002229 -4.750844 0.044037 
149 2.593750 0.000000 0.420135 88.577505 0.002615 -6.617472 0.211023 
150 2.195312 0.000000 0.811697 88.452719 0.002598 -9.602187 0.208391 
151 1.996094 0.000000 -0.167208 95.405912 0.002166 -4.183234 0.088021 
152 1.796875 0.000000 -0.167208 96.046636 0.002021 -3.740139 0.076105 
153 1.996094 0.000000 -0.362989 94.582199 0.002070 -3.704061 0.104049 
154 2.195312 0.000000 -0.167208 94.109478 0.002236 -4.387743 0.112415 
155 1.996094 0.000000 0.028573 84.740136 0.002069 -4.583592 0.279810 
156 0.203125 0.000000 0.811697 99.626817 -0.000509 33.757890 -0.106510 
157 -0.593750 0.000000 0.811697 103.805735 0.000000 16.187919 -0.103768 
158 0.203125 0.000000 1.594821 106.350567 0.000000 10.082289 -0.141210 
159 1.398438 0.000000 0.420135 100.039236 0.001887 -3.875415 -0.002287 
160 1.000000 0.000000 0.420135 108.415523 0.000991 -0.071937 -0.175393 
161 1.398438 0.000000 0.811697 110.280900 0.003208 -10.247797 -0.226689 
162 1.597656 0.000000 -0.167208 97.398595 0.001664 -2.452638 0.050750 
163 1.398438 0.000000 -0.167208 98.436792 0.001294 -1.280646 0.030856 
164 1.597656 0.000000 -0.362989 97.653038 0.001957 -3.619094 0.045079 
165 1.597656 0.000000 0.028573 100.321361 0.002084 -4.396293 -0.008370 
166 1.996094 0.000000 0.224354 95.689484 0.002209 -4.490373 0.082336 
167 1.796875 0.000000 0.224354 97.270957 0.002102 -4.293567 0.051993 
168 2.195312 0.000000 0.224354 94.303917 0.002263 -4.606445 0.108555 
169 1.996094 0.000000 0.420135 96.064423 0.002348 -5.091058 0.074571 
170 1.896484 0.000000 -0.069318 95.119056 0.001918 -1.467018 0.095021 
171 1.796875 0.000000 -0.069318 96.259148 0.001599 -1.153587 0.073285 
172 1.896484 0.000000 -0.167208 95.714106 0.002154 -4.147331 0.082161 
173 1.996094 0.000000 -0.069318 95.387005 0.002179 -4.263381 0.088314 
174 1.896484 0.000000 0.028573 95.100127 0.002440 -6.355522 0.091557 
175 2.992188 0.000000 -0.362989 97.927912 -0.000000 2.547764 0.040363 
176 2.992188 0.000000 -0.754551 97.644088 -0.000000 3.468161 0.045360 
177 3.390625 0.000000 -0.362989 98.478388 -0.000000 2.972280 0.029317 
178 2.992188 0.000000 0.028573 98.559259 -0.000000 1.839828 0.028269 
179 2.394531 0.000000 -0.167208 92.834973 0.002264 -4.533225 0.136112 
180 2.394531 0.000000 -0.362989 91.344161 0.002280 -4.554493 0.163550 
181 2.593750 0.000000 -0.167208 89.137301 0.002348 -4.607714 0.203331 
182 2.394531 0.000000 0.028573 92.830485 0.002273 -4.606146 0.136128 
183 2.095703 0.000000 -0.069318 94.203622 0.002240 -4.433224 0.110602 
184 2.095703 0.000000 -0.167208 94.227980 0.002231 -4.368067 0.110201 
185 2.195312 0.000000 -0.069318 94.079915 0.002244 -4.442670 0.112923 
186 2.095703 0.000000 0.028573 94.235897 0.002250 -4.504176 0.109931 
187 1.597656 0.000000 0.224354 100.267974 0.002289 -5.212102 -0.008083 
188 1.398438 0.000000 0.224354 103.062532 0.002285 -5.354786 -0.065056 
189 1.597656 0.000000 0.420135 98.352272 0.002088 -4.330394 0.030808 
190 1.896484 0.000000 0.126463 95.890535 0.002197 -4.431307 0.078537 
191 1.796875 0.000000 0.126463 98.359264 0.002369 -6.429210 0.028412 
192 1.996094 0.000000 0.126463 95.539617 0.002202 -4.427805 0.085258 
193 1.896484 0.000000 0.224354 96.026359 0.002207 -4.503834 0.075865 
194 1.946289 0.000000 -0.020373 92.154611 0.003000 -2.385140 0.150184 
195 1.896484 0.000000 -0.020373 94.164876 0.002352 -3.067121 0.112357 
196 1.946289 0.000000 -0.069318 95.541881 0.002174 -4.252264 0.085367 
197 1.996094 0.000000 -0.020373 83.881258 0.002195 -3.583484 0.295109 
198 1.946289 0.000000 0.028573 93.669579 0.002567 -7.788875 0.116534 
199 0.601562 0.000000 -0.362989 97.323686 -0.000642 10.144558 0.042519 
200 0.203125 0.000000 -0.362989 92.540033 -0.001150 14.272285 0.123264 
201 0.601562 0.000000 -0.754551 90.914334 -0.001745 -2.117637 0.173010 
202 0.601562 0.000000 0.028573 102.519547 -0.000396 7.347200 -0.056424 
203 1.199219 0.000000 -0.167208 99.589545 0.001035 -0.971460 0.008098 
204 1.000000 0.000000 -0.167208 102.786867 0.000379 0.295006 -0.056523 
205 1.199219 0.000000 -0.362989 101.106693 0.001310 -2.426555 -0.022845 
206 1.199219 0.000000 0.028573 103.111395 0.001466 -2.419506 -0.063781 
207 1.498047 0.000000 -0.069318 98.281548 0.001227 -0.184032 0.034070 
208 1.398438 0.000000 -0.069318 99.224098 0.001356 -1.373548 0.015269 
209 1.498047 0.000000 -0.167208 98.484805 0.001571 -2.115938 0.029627 
210 1.597656 0.000000 -0.069318 98.304757 0.001541 -1.734613 0.033317 
211 1.498047 0.000000 0.028573 101.654621 0.002196 -4.698338 -0.035574 
212 0.601562 0.000000 0.420135 99.952165 -0.000447 10.927374 -0.010984 
213 0.203125 0.000000 0.420135 96.832443 -0.000829 15.618086 0.037955 
214 0.601562 0.000000 0.811697 127.531883 0.000895 11.434304 -0.639512 
215 0.800781 0.000000 -0.167208 98.674267 -0.000329 6.456964 0.022170 
216 0.601562 0.000000 -0.167208 97.422753 -0.000706 7.510512 0.045240 
217 0.800781 0.000000 -0.362989 102.277101 -0.000217 3.515452 -0.047296 
218 0.800781 0.000000 0.028573 102.751408 0.000007 5.092254 -0.058378 
219 -37.250000 0.000000 -12.501411 99.443694 0.000000 10.465843 0.000142 
220 -50.000000 0.000000 -12.501411 99.448569 0.000000 10.460965 0.000055 
221 -37.250000 0.000000 -25.031394 99.440410 0.000000 10.459587 0.000220 
222 -37.250000 0.000000 0.028573 99.452965 0.000000 10.469434 -0.000050 
223 -18.125000 0.000000 -6.236419 99.415142 0.000000 10.503996 0.000630 
224 -24.500000 0.000000 -6.236419 99.436205 0.000000 10.485143 0.000250 
225 -18.125000 0.000000 -12.501411 99.403398 -0.000000 10.478479 0.000917 
226 -18.125000 0.000000 0.028573 99.451745 0.000000 10.519913 -0.000132 
227 -8.562500 0.000000 -3.103923 99.279771 0.000000 10.667643 0.002973 
228 -11.750000 0.000000 -3.103923 99.378631 0.000000 10.579781 0.001196 
229 -8.562500 0.000000 -6.236419 99.249802 0.000000 10.546191 0.003825 
230 -8.562500 0.000000 0.028573 99.426013 0.000000 10.733379 -0.000074 
231 -3.781250 0.000000 -1.537675 98.768867 -0.000000 11.161389 0.012013 
232 -5.375000 0.000000 -1.537675 99.119555 -0.000000 10.930233 0.005584 
233 -3.781250 0.000000 -3.103923 98.670579 -0.000000 10.760255 0.014833 
234 -3.781250 0.000000 0.028573 99.261533 -0.000000 11.490041 0.001513 
235 -1.390625 0.000000 -0.754551 96.857895 -0.000000 12.758709 0.045576 
236 -2.187500 0.000000 -0.754551 98.107923 -0.000000 12.151304 0.022718 
237 -1.390625 0.000000 -1.537675 96.832069 -0.000000 11.337177 0.049502 
238 -1.390625 0.000000 0.028573 98.418509 -0.000000 14.305310 0.010916 
239 -0.195312 0.000000 -0.362989 86.423021 -0.001444 18.909996 0.217347 
240 -0.593750 0.000000 -0.362989 74.865215 -0.001620 27.299880 0.364992 
241 -0.195312 0.000000 -0.754551 69.444256 -0.001922 19.617377 0.479265 
242 -0.195312 0.000000 0.028573 89.105397 -0.001278 19.732733 0.167085 
243 0.402344 0.000000 -0.167208 95.449624 -0.001025 8.246256 0.082137 
244 0.203125 0.000000 -0.167208 92.646602 -0.001211 9.898553 0.131863 
245 0.402344 0.000000 -0.362989 95.180115 -0.000919 12.058734 0.079533 
246 0.402344 0.000000 0.028573 103.037425 -0.000594 11.214804 -0.074248 
247 -37.250000 0.000000 12.558556 99.462441 0.000000 10.465994 -0.000231 
248 -50.000000 0.000000 12.558556 99.456978 0.000000 10.460974 -0.000112 
249 -37.250000 0.000000 25.088540 99.465887 0.000000 10.459520 -0.000286 
250 -18.125000 0.000000 6.293564 99.490890 -0.000000 10.507136 -0.000884 
251 -24.500000 0.000000 6.293564 99.470219 -0.000000 10.486085 -0.000428 
252 -18.125000 0.000000 12.558556 99.506015 -0.000000 10.480963 -0.001130 
253 -8.562500 0.000000 3.161069 99.593697 0.000000 10.699941 -0.003339 
254 -11.750000 0.000000 3.161069 99.515269 0.000000 10.590222 -0.001544 
255 -8.562500 0.000000 6.293564 99.656497 0.000000 10.575463 -0.004326 
256 -3.781250 0.000000 1.594821 99.882196 0.000000 11.367789 -0.010568 
257 -5.375000 0.000000 1.594821 99.645394 0.000000 11.011288 -0.005045 
258 -3.781250 0.000000 3.161069 100.170407 0.000000 10.976832 -0.015460 
259 -1.390625 0.000000 0.811697 100.779051 0.000000 13.957823 -0.035124 
260 -2.187500 0.000000 0.811697 99.989238 0.000000 12.635492 -0.015750 
261 -1.390625 0.000000 1.594821 101.784451 0.000000 12.506255 -0.051648 
262 -0.195312 0.000000 0.420135 91.188594 -0.001167 21.198423 0.123527 
263 -0.593750 0.000000 0.420135 75.434550 -0.001432 35.240901 0.306771 
264 -0.195312 0.000000 0.811697 99.660890 -0.000559 53.096975 -0.275158 
265 0.003906 0.000000 -0.167208 91.066217 -0.001185 16.508044 0.143443 
266 -0.195312 0.000000 -0.167208 88.537739 -0.001310 18.888077 0.180431 
267 0.003906 0.000000 -0.362989 89.582696 -0.001320 16.601338 0.169934 
268 0.003906 0.000000 0.028573 71.567207 -0.001108 68.492276 0.018694 
269 0.402344 0.000000 0.224354 105.575781 -0.000387 12.500423 -0.130251 
270 0.203125 0.000000 0.224354 96.029825 -0.000880 15.244036 0.054589 
271 0.601562 0.000000 0.224354 105.812272 -0.000055 8.249032 -0.126428 
272 0.402344 0.000000 0.420135 98.980295 -0.000567 12.711543 0.004132 
273 0.302734 0.000000 -0.069318 92.903705 -0.001456 4.843620 0.134544 
274 0.203125 0.000000 -0.069318 89.308126 -0.001819 -1.591145 0.202153 
275 0.302734 0.000000 -0.167208 94.175992 -0.001151 10.048936 0.102990 
276 0.402344 0.000000 -0.069318 95.533184 -0.001075 7.665940 0.081464 
277 0.302734 0.000000 0.028573 100.158058 -0.000876 12.508575 -0.018810 
278 0.003906 0.000000 0.224354 93.125567 -0.001086 17.923732 0.100637 
279 -0.195312 0.000000 0.224354 90.231873 -0.001235 20.155835 0.145195 
280 0.003906 0.000000 0.420135 94.169868 -0.001026 18.458395 0.079132 
281 0.103516 0.000000 -0.069318 81.567058 -0.002219 -7.926969 0.328398 
282 0.003906 0.000000 -0.069318 80.419890 -0.001701 4.901556 0.350862 
283 0.103516 0.000000 -0.167208 91.869234 -0.001169 15.905692 0.130705 
284 0.103516 0.000000 0.028573 103.829444 -0.000828 25.871111 -0.144987 
285 -0.992188 0.000000 -0.362989 96.138998 -0.000000 14.525950 0.054629 
286 -1.390625 0.000000 -0.362989 97.392798 -0.000000 13.645902 0.032843 
287 -0.992188 0.000000 -0.754551 95.661410 -0.000000 12.922286 0.068191 
288 -0.992188 0.000000 0.028573 97.793451 -0.000000 15.921535 0.018295 
289 -0.394531 0.000000 -0.167208 85.860004 -0.001401 21.254744 0.217630 
290 -0.593750 0.000000 -0.167208 76.463277 -0.001668 23.931516 0.358065 
291 -0.394531 0.000000 -0.362989 82.462878 -0.001552 21.160016 0.275213 
292 -0.394531 0.000000 0.028573 86.289768 -0.001378 21.899873 0.207447 
293 -0.095703 0.000000 -0.069318 89.307827 -0.001295 18.349972 0.168739 
294 -0.195312 0.000000 -0.069318 88.724203 -0.001296 19.333734 0.175422 
295 -0.095703 0.000000 -0.167208 88.834581 -0.001309 18.552599 0.176422 
296 -0.095703 0.000000 0.028573 91.007715 -0.001150 18.512211 0.137489 
297 0.103516 0.000000 0.126463 108.690425 -0.000676 27.160498 -0.255130 
298 0.003906 0.000000 0.126463 92.469264 -0.001115 17.781263 0.113326 
299 0.203125 0.000000 0.126463 112.726459 -0.000451 21.429404 -0.316647 
300 0.103516 0.000000 0.224354 94.055805 -0.001059 17.374495 0.085163 
301 0.053711 0.000000 -0.020373 74.981230 -0.002076 -3.979459 0.436198 
302 0.003906 0.000000 -0.020373 29.151009 -0.002277 1.836533 0.914685 
303 0.053711 0.000000 -0.069318 76.117090 -0.002051 -3.448164 0.419430 
304 0.103516 0.000000 -0.020373 87.668705 -0.001602 6.067309 0.227739 
305 0.053711 0.000000 0.028573 107.565723 -0.000693 43.982295 -0.350483 
306 -0.992188 0.000000 0.420135 100.084569 -0.000000 16.023657 -0.027368 
307 -1.390625 0.000000 0.420135 99.689664 -0.000000 14.407889 -0.014562 
308 -0.992188 0.000000 0.811697 101.757243 0.000000 14.972361 -0.057871 
309 -0.394531 0.000000 0.224354 87.101424 -0.001349 22.286977 0.191663 
310 -0.593750 0.000000 0.224354 82.120183 -0.001385 28.273825 0.245687 
311 -0.394531 0.000000 0.420135 87.649167 -0.001275 24.264225 0.172887 
312 -0.095703 0.000000 0.126463 91.620203 -0.001123 18.809433 0.125194 
313 -0.195312 0.000000 0.126463 89.636213 -0.001256 20.017952 0.156463 
314 -0.095703 0.000000 0.224354 92.293025 -0.001096 18.931259 0.112360 
315 0.053711 0.000000 0.077518 108.676414 -0.000667 42.026474 -0.357679 
316 0.003906 0.000000 0.077518 100.092125 -0.000892 35.820528 -0.130154 
317 0.103516 0.000000 0.077518 125.763840 -0.000242 43.089601 -0.767326 
318 0.053711 0.000000 0.126463 102.063024 -0.000864 24.856287 -0.103470 
319 0.302734 0.000000 0.126463 121.423274 -0.000078 17.106498 -0.503624 
320 0.402344 0.000000 0.126463 107.566023 -0.000336 12.382330 -0.172377 
321 0.302734 0.000000 0.224354 102.495557 -0.000667 15.075792 -0.073262 
322 0.800781 0.000000 0.224354 105.323378 0.000329 5.082568 -0.111885 
323 1.000000 0.000000 0.224354 109.219975 0.001246 -2.246086 -0.193405 
324 0.800781 0.000000 0.420135 110.078070 0.000424 4.482434 -0.213727 
325 1.199219 0.000000 0.224354 105.111483 0.001935 -4.115255 -0.106536 
326 1.199219 0.000000 0.420135 104.276594 0.001525 -3.008422 -0.088266 
327 1.498047 0.000000 0.126463 102.854627 0.002547 -6.363538 -0.061957 
328 1.398438 0.000000 0.126463 103.124198 0.002204 -5.165263 -0.066128 
329 1.597656 0.000000 0.126463 101.527856 0.002566 -6.924182 -0.035585 
330 1.498047 0.000000 0.224354 100.781003 0.002201 -5.096147 -0.018278 
331 1.697266 0.000000 -0.069318 97.356718 0.001614 -1.517968 0.051937 
332 1.697266 0.000000 -0.167208 97.342681 0.002014 -3.836163 0.050969 
333 1.697266 0.000000 0.028573 99.308185 0.002175 -5.066531 0.011221 
334 1.846680 0.000000 -0.020373 96.190350 0.001825 -2.213312 0.074252 
335 1.796875 0.000000 -0.020373 96.440596 0.001483 -0.185833 0.069918 
336 1.846680 0.000000 -0.069318 95.094311 0.001596 0.050119 0.095707 
337 1.846680 0.000000 0.028573 97.612081 0.002192 -6.853348 0.042491 
338 2.992188 0.000000 0.420135 99.468749 0.000000 1.716365 0.010302 
339 3.390625 0.000000 0.420135 99.509737 0.000000 2.485552 0.009163 
340 2.992188 0.000000 0.811697 100.336139 0.000000 2.183795 -0.007211 
341 2.394531 0.000000 0.224354 92.950946 0.002279 -4.677712 0.133824 
342 2.593750 0.000000 0.224354 89.178478 0.002350 -4.677263 0.202532 
343 2.394531 0.000000 0.420135 91.486861 0.002296 -4.769593 0.160741 
344 2.095703 0.000000 0.126463 94.323903 0.002258 -4.571953 0.108210 
345 2.195312 0.000000 0.126463 94.184001 0.002258 -4.557977 0.110860 
346 2.095703 0.000000 0.224354 94.450946 0.002264 -4.628636 0.105759 
347 1.946289 0.000000 0.077518 95.642414 0.002194 -4.389473 0.083326 
348 1.896484 0.000000 0.077518 96.978619 0.002367 -7.661945 0.053644 
349 1.996094 0.000000 0.077518 95.479099 0.002197 -4.389887 0.086447 
350 1.946289 0.000000 0.126463 95.702469 0.002200 -4.430606 0.082141 
351 1.921387 0.000000 0.004100 92.900328 0.002696 -4.878970 0.134572 
352 1.896484 0.000000 0.004100 94.490543 0.002401 -4.583330 0.105053 
353 1.921387 0.000000 -0.020373 93.061935 0.002765 -2.648072 0.133246 
354 1.946289 0.000000 0.004100 88.334650 0.002656 -4.766679 0.217427 
355 1.921387 0.000000 0.028573 93.921303 0.002444 -6.624487 0.113491 
356 2.045898 0.000000 -0.020373 95.271260 0.002189 -4.311756 0.090480 
357 2.045898 0.000000 -0.069318 95.260509 0.002183 -4.272407 0.090718 
358 2.095703 0.000000 -0.020373 94.212315 0.002245 -4.468511 0.110407 
359 2.045898 0.000000 0.028573 95.299604 0.002194 -4.350902 0.089906 
360 1.971191 0.000000 0.004100 82.197598 0.002217 -4.705160 0.322142 
361 1.971191 0.000000 -0.020373 85.182671 0.002478 -3.431253 0.273214 
362 1.996094 0.000000 0.004100 81.741232 0.002075 -4.345087 0.329949 
363 1.971191 0.000000 0.028573 86.218121 0.002309 -5.083751 0.254059 
364 4.984375 0.000000 0.811697 99.856201 0.000000 4.053100 0.001231 
365 4.984375 0.000000 0.028573 99.523849 -0.000000 3.795823 0.008060 
366 5.781250 0.000000 0.811697 99.866299 0.000000 4.331177 0.000796 
367 4.984375 0.000000 1.594821 100.132418 0.000000 4.800398 -0.004954 
368 8.968750 0.000000 1.594821 99.973175 0.000000 5.210403 -0.002178 
369 8.968750 0.000000 0.028573 99.916180 -0.000000 4.653332 -0.000490 
370 10.562500 0.000000 1.594821 99.983946 0.000000 5.149971 -0.002331 
371 8.968750 0.000000 3.161069 99.939046 0.000000 6.535124 -0.003052 
372 6.578125 0.000000 0.811697 99.893235 0.000000 4.479665 0.000127 
373 6.578125 0.000000 0.028573 99.765498 -0.000000 4.262529 0.002868 
374 7.375000 0.000000 0.811697 99.926933 0.000000 4.562344 -0.000621 
375 6.578125 0.000000 1.594821 99.987152 0.000000 5.126751 -0.002371 
376 8.968750 0.000000 -1.537675 99.668896 -0.000000 6.110480 0.002877 
377 8.968750 0.000000 -3.103923 99.476633 -0.000000 7.420731 0.004933 
378 10.562500 0.000000 -1.537675 99.725305 -0.000000 6.316408 0.001497 
379 6.578125 0.000000 -0.754551 99.587711 -0.000000 4.883570 0.005844 
380 5.781250 0.000000 -0.754551 99.438840 -0.000000 4.680991 0.009001 
381 6.578125 0.000000 -1.537675 99.422016 -0.000000 5.705696 0.008271 
382 7.375000 0.000000 -0.754551 99.686529 -0.000000 5.057374 0.003702 
383 6.179688 0.000000 0.420135 99.803508 0.000000 4.191344 0.002169 
384 5.781250 0.000000 0.420135 99.769563 0.000000 4.098371 0.002924 
385 6.179688 0.000000 0.028573 99.717949 -0.000000 4.174074 0.003891 
386 6.578125 0.000000 0.420135 99.836042 0.000000 4.264436 0.001458 
387 6.179688 0.000000 0.811697 99.878156 0.000000 4.415509 0.000486 
388 4.984375 0.000000 -0.754551 99.208319 -0.000000 4.404567 0.013831 
389 4.984375 0.000000 -1.537675 98.986909 -0.000000 5.352978 0.017294 
390 1.697266 0.000000 0.126463 99.484573 0.002484 -6.430715 0.006147 
391 1.697266 0.000000 0.224354 97.749397 0.002090 -4.272564 0.042680 
392 1.846680 0.000000 0.077518 98.789562 0.002579 -9.207279 0.015585 
393 1.796875 0.000000 0.077518 98.670998 0.002305 -6.296249 0.022439 
394 1.846680 0.000000 0.126463 96.972414 0.002205 -4.569218 0.057547 
395 2.045898 0.000000 0.077518 95.344765 0.002199 -4.388505 0.089012 
396 2.095703 0.000000 0.077518 94.273684 0.002254 -4.539029 0.109187 
397 2.045898 0.000000 0.126463 95.404716 0.002203 -4.423347 0.087837 
1 7 12 10 11 
2 12 2 13 10 
3 1 17 15 16 
4 17 7 11 15 
5 19 21 3 22 
6 20 19 22 9 
7 11 25 23 24 
8 25 10 26 23 
9 28 20 9 30 
10 29 28 30 4 
11 15 33 31 32 
12 33 11 24 31 
13 35 37 19 38 
14 36 35 38 20 
15 24 41 39 40 
16 41 23 42 39 
17 44 36 20 46 
18 45 44 46 28 
19 31 49 47 48 
20 49 24 40 47 
21 51 53 35 54 
22 52 51 54 36 
23 40 57 55 56 
24 57 39 58 55 
25 60 52 36 62 
26 61 60 62 44 
27 47 65 63 64 
28 65 40 56 63 
29 67 69 51 70 
30 68 67 70 52 
31 56 73 71 72 
32 73 55 74 71 
33 76 68 52 78 
34 77 76 78 60 
35 63 81 79 80 
36 81 56 72 79 
37 83 85 67 86 
38 84 83 86 68 
39 72 89 87 88 
40 89 71 90 87 
41 10 93 92 26 
42 93 13 94 92 
43 92 94 8 95 
44 26 92 95 14 
45 23 97 96 42 
46 97 26 98 96 
47 96 98 14 99 
48 42 96 99 27 
49 39 101 100 58 
50 101 42 102 100 
51 100 102 27 103 
52 55 105 104 74 
53 105 58 106 104 
54 71 109 108 90 
55 109 74 110 108 
56 108 110 59 111 
57 112 84 68 114 
58 113 112 114 76 
59 115 117 83 118 
60 116 115 118 84 
61 87 121 119 120 
62 121 90 122 119 
63 79 126 124 125 
64 126 72 88 124 
65 88 130 128 129 
66 130 87 120 128 
67 14 95 132 37 
68 95 8 133 132 
69 132 133 21 134 
70 37 132 134 19 
71 27 99 135 53 
72 99 14 136 135 
73 135 136 37 137 
74 53 135 137 35 
75 103 27 139 138 
76 138 139 53 140 
77 69 138 140 51 
78 141 142 69 143 
79 85 141 143 67 
80 111 59 145 144 
81 144 145 85 146 
82 117 144 146 83 
83 147 149 117 150 
84 148 147 150 115 
85 120 153 151 152 
86 153 119 154 151 
87 156 116 84 158 
88 157 156 158 112 
89 159 148 115 161 
90 160 159 161 116 
91 128 164 162 163 
92 164 120 152 162 
93 166 168 147 169 
94 167 166 169 148 
95 152 172 170 171 
96 172 151 173 170 
97 90 176 175 122 
98 176 108 177 175 
99 175 177 111 178 
100 122 175 178 75 
101 119 180 179 154 
102 180 122 181 179 
103 179 181 75 182 
104 154 179 182 123 
105 151 184 183 173 
106 184 154 185 183 
107 183 185 123 186 
108 187 167 148 189 
109 188 187 189 159 
110 190 192 166 193 
111 191 190 193 167 
112 170 196 194 195 
113 196 173 197 194 
114 124 201 199 200 
115 201 88 129 199 
116 129 205 203 204 
117 205 128 163 203 
118 203 163 131 206 
119 204 203 206 5 
120 163 209 207 208 
121 209 162 210 207 
122 207 210 165 211 
123 208 207 211 131 
124 212 160 116 214 
125 213 212 214 156 
126 199 217 215 216 
127 217 129 204 215 
128 215 204 5 218 
129 216 215 218 202 
130 16 221 219 220 
131 221 15 32 219 
132 219 32 18 222 
133 220 219 222 6 
134 32 225 223 224 
135 225 31 48 223 
136 223 48 34 226 
137 224 223 226 18 
138 48 229 227 228 
139 229 47 64 227 
140 227 64 50 230 
141 228 227 230 34 
142 64 233 231 232 
143 233 63 80 231 
144 231 80 66 234 
145 232 231 234 50 
146 80 237 235 236 
147 237 79 125 235 
148 236 235 238 66 
149 125 241 239 240 
150 241 124 200 239 
151 200 245 243 244 
152 245 199 216 243 
153 243 216 202 246 
154 6 222 247 248 
155 222 18 45 247 
156 247 45 28 249 
157 248 247 249 29 
158 18 226 250 251 
159 226 34 61 250 
160 250 61 44 252 
161 251 250 252 45 
162 34 230 253 254 
163 230 50 77 253 
164 253 77 60 255 
165 254 253 255 61 
166 50 234 256 257 
167 234 66 113 256 
168 256 113 76 258 
169 257 256 258 77 
170 66 238 259 260 
171 259 157 112 261 
172 260 259 261 113 
173 262 213 156 264 
174 263 262 264 157 
175 239 267 265 266 
176 267 200 244 265 
177 246 202 271 269 
178 269 271 212 272 
179 270 269 272 213 
180 244 275 273 274 
181 275 243 276 273 
182 273 276 246 277 
183 274 273 277 127 
184 278 270 213 280 
185 279 278 280 262 
186 265 283 281 282 
187 283 244 274 281 
188 281 274 127 284 
189 235 287 285 286 
190 287 125 240 285 
191 285 240 82 288 
192 286 285 288 238 
193 240 291 289 290 
194 291 239 266 289 
195 289 266 242 292 
196 290 289 292 82 
197 266 295 293 294 
198 295 265 282 293 
199 293 282 268 296 
200 294 293 296 242 
201 284 127 299 297 
202 297 299 270 300 
203 298 297 300 278 
204 282 303 301 302 
205 303 281 304 301 
206 301 304 284 305 
207 302 301 305 268 
208 238 288 306 307 
209 288 82 263 306 
210 306 263 157 308 
211 307 306 308 259 
212 82 292 309 310 
213 292 242 279 309 
214 309 279 262 311 
215 310 309 311 263 
216 242 296 312 313 
217 296 268 298 312 
218 312 298 278 314 
219 313 312 314 279 
220 268 305 315 316 
221 305 284 317 315 
222 315 317 297 318 
223 316 315 318 298 
224 127 277 319 299 
225 277 246 320 319 
226 319 320 269 321 
227 299 319 321 270 
228 202 218 322 271 
229 218 5 323 322 
230 322 323 160 324 
231 271 322 324 212 
232 5 206 325 323 
233 206 131 188 325 
234 325 188 159 326 
235 323 325 326 160 
236 131 211 327 328 
237 211 165 329 327 
238 327 329 187 330 
239 328 327 330 188 
240 162 332 331 210 
241 332 152 171 331 
242 331 171 91 333 
243 210 331 333 165 
244 171 336 334 335 
245 336 170 195 334 
246 334 195 174 337 
247 335 334 337 91 
248 75 178 338 149 
249 178 111 339 338 
250 338 339 144 340 
251 149 338 340 117 
252 123 182 341 168 
253 182 75 342 341 
254 341 342 149 343 
255 168 341 343 147 
256 186 123 345 344 
257 344 345 168 346 
258 192 344 346 166 
259 174 198 347 348 
260 198 155 349 347 
261 347 349 192 350 
262 348 347 350 190 
263 195 353 351 352 
264 353 194 354 351 
265 351 354 198 355 
266 352 351 355 174 
267 173 357 356 197 
268 357 183 358 356 
269 356 358 186 359 
270 197 356 359 155 
271 194 361 360 354 
272 361 197 362 360 
273 360 362 155 363 
274 354 360 363 198 
275 59 365 364 145 
276 365 107 366 364 
277 364 366 141 367 
278 145 364 367 85 
279 43 369 368 142 
280 369 103 370 368 
281 368 370 138 371 
282 142 368 371 69 
283 373 43 374 372 
284 372 374 142 375 
285 366 372 375 141 
286 58 377 376 106 
287 377 100 378 376 
288 376 378 103 369 
289 106 376 369 43 
290 104 381 379 380 
291 381 106 382 379 
292 379 382 43 373 
293 380 379 373 107 
294 107 385 383 384 
295 385 373 386 383 
296 383 386 372 387 
297 384 383 387 366 
298 74 389 388 110 
299 389 104 380 388 
300 388 380 107 365 
301 110 388 365 59 
302 165 333 390 329 
303 333 91 191 390 
304 390 191 167 391 
305 329 390 391 187 
306 91 337 392 393 
307 337 174 348 392 
308 392 348 190 394 
309 393 392 394 191 
310 155 359 395 349 
311 359 186 396 395 
312 395 396 344 397 
313 349 395 397 192 
