2 0.000000 100.000000 747.808936
599 484 
1 -50.000000 0.000000 -50.091361 99.614049 0.000000 8.716695 0.000106 
2 52.000000 0.000000 -50.091361 99.615796 -0.000000 8.686627 0.000124 
3 52.000000 0.000000 50.148507 99.628135 0.000000 8.674662 -0.000101 
4 -50.000000 0.000000 50.148507 99.625623 0.000000 8.716558 -0.000124 
5 1.000000 0.000000 0.028573 106.030887 0.000768 -1.189648 -0.124396 
6 -50.000000 0.000000 0.028573 99.619791 -0.000000 8.723691 -0.000021 
7 1.000000 0.000000 -50.091361 99.604328 -0.000000 8.700128 0.000329 
8 52.000000 0.000000 0.028573 99.808585 -0.000000 6.533994 -0.000445 
9 1.000000 0.000000 50.148507 99.637743 0.000000 8.697460 -0.000333 
10 26.500000 0.000000 -25.031394 99.604795 -0.000000 8.601802 0.000489 
11 1.000000 0.000000 -25.031394 99.560156 -0.000000 8.654062 0.001288 
12 26.500000 0.000000 -50.091361 99.609666 -0.000000 8.688627 0.000242 
13 52.000000 0.000000 -25.031394 99.621386 -0.000000 8.616128 0.000134 
14 26.500000 0.000000 0.028573 99.932151 -0.000000 5.046430 -0.001190 
15 -24.500000 0.000000 -25.031394 99.597486 0.000000 8.719611 0.000431 
16 -50.000000 0.000000 -25.031394 99.614076 -0.000000 8.720384 0.000099 
17 -24.500000 0.000000 -50.091361 99.608385 0.000000 8.712700 0.000226 
18 -24.500000 0.000000 0.028573 99.619273 0.000000 8.748324 -0.000053 
19 26.500000 0.000000 25.088540 99.653080 0.000000 8.557197 -0.000396 
20 1.000000 0.000000 25.088540 99.691950 0.000000 8.644452 -0.001321 
21 52.000000 0.000000 25.088540 99.640491 0.000000 8.525185 -0.000091 
22 26.500000 0.000000 50.148507 99.633528 0.000000 8.681854 -0.000221 
23 13.750000 0.000000 -12.501411 99.560463 -0.000000 8.292359 0.001895 
24 1.000000 0.000000 -12.501411 99.396075 -0.000000 8.479945 0.004851 
25 13.750000 0.000000 -25.031394 99.580976 -0.000000 8.609816 0.000950 
26 26.500000 0.000000 -12.501411 99.624993 -0.000000 8.340487 0.000530 
27 13.750000 0.000000 0.028573 99.985612 -0.000000 4.061728 -0.001362 
28 -24.500000 0.000000 25.088540 99.643987 -0.000000 8.719864 -0.000496 
29 -50.000000 0.000000 25.088540 99.625643 -0.000000 8.720416 -0.000131 
30 -24.500000 0.000000 50.148507 99.632157 -0.000000 8.712105 -0.000247 
31 -11.750000 0.000000 -12.501411 99.530323 0.000000 8.728593 0.001753 
32 -24.500000 0.000000 -12.501411 99.596909 0.000000 8.734291 0.000417 
33 -11.750000 0.000000 -25.031394 99.575246 0.000000 8.703238 0.000902 
34 -11.750000 0.000000 0.028573 99.608254 0.000000 8.847596 -0.000008 
35 13.750000 0.000000 12.558556 99.742830 0.000000 8.149246 -0.001504 
36 1.000000 0.000000 12.558556 99.897820 0.000000 8.450711 -0.005099 
37 26.500000 0.000000 12.558556 99.693419 0.000000 8.054730 -0.000366 
38 13.750000 0.000000 25.088540 99.674505 0.000000 8.584075 -0.000869 
39 7.375000 0.000000 -6.236419 99.376129 -0.000000 7.377676 0.006995 
40 1.000000 0.000000 -6.236419 98.882318 -0.000000 7.962011 0.015889 
41 7.375000 0.000000 -12.501411 99.473193 -0.000000 8.324070 0.003579 
42 13.750000 0.000000 -6.236419 99.618003 -0.000000 7.501580 0.001998 
43 7.375000 0.000000 0.028573 99.878123 -0.000000 3.433474 0.001257 
44 -11.750000 0.000000 12.558556 99.715874 0.000000 8.735664 -0.001957 
45 -24.500000 0.000000 12.558556 99.643545 0.000000 8.735635 -0.000515 
46 -11.750000 0.000000 25.088540 99.670139 0.000000 8.702326 -0.000987 
47 -5.375000 0.000000 -6.236419 99.268297 -0.000000 8.748539 0.006927 
48 -11.750000 0.000000 -6.236419 99.523547 -0.000000 8.786230 0.001787 
49 -5.375000 0.000000 -12.501411 99.447056 -0.000000 8.662612 0.003524 
50 -5.375000 0.000000 0.028573 99.521557 -0.000000 9.231993 0.001023 
51 7.375000 0.000000 6.293564 100.011095 0.000000 7.075082 -0.005228 
52 1.000000 0.000000 6.293564 100.584025 0.000000 7.895814 -0.017949 
53 13.750000 0.000000 6.293564 99.829395 0.000000 6.933708 -0.001398 
54 7.375000 0.000000 12.558556 99.825607 0.000000 8.237050 -0.003300 
55 4.187500 0.000000 -3.103923 98.805929 -0.000000 5.804815 0.020369 
56 1.000000 0.000000 -3.103923 97.700289 -0.000000 6.958601 0.040623 
57 4.187500 0.000000 -6.236419 99.112740 -0.000000 7.510016 0.012026 
58 7.375000 0.000000 -3.103923 99.468680 -0.000000 5.892448 0.007126 
59 4.187500 0.000000 0.028573 99.396851 -0.000000 2.480705 0.011411 
60 -5.375000 0.000000 6.293564 99.983617 0.000000 8.816275 -0.007445 
61 -11.750000 0.000000 6.293564 99.710050 0.000000 8.800594 -0.001954 
62 -5.375000 0.000000 12.558556 99.817975 0.000000 8.669537 -0.003879 
63 -2.187500 0.000000 -3.103923 98.416295 -0.000000 8.784821 0.023706 
64 -5.375000 0.000000 -3.103923 99.222481 -0.000000 8.963828 0.007455 
65 -2.187500 0.000000 -6.236419 99.001182 -0.000000 8.505486 0.012642 
66 -2.187500 0.000000 0.028573 99.084067 -0.000000 10.655692 0.006880 
67 4.187500 0.000000 3.161069 100.625751 0.000000 5.254492 -0.015315 
68 1.000000 0.000000 3.161069 102.387428 0.000000 6.799844 -0.052942 
69 7.375000 0.000000 3.161069 100.055886 0.000000 5.356790 -0.003988 
70 4.187500 0.000000 6.293564 100.305341 0.000000 7.274429 -0.011408 
71 2.593750 0.000000 -1.537675 97.539378 -0.000000 4.245418 0.046805 
72 1.000000 0.000000 -1.537675 96.181311 -0.000000 5.740588 0.071620 
73 2.593750 0.000000 -3.103923 98.187597 -0.000000 6.103658 0.032194 
74 4.187500 0.000000 -1.537675 98.807076 -0.000000 4.138955 0.022003 
75 2.593750 0.000000 0.028573 89.259533 0.002165 -4.617945 0.201141 
76 -2.187500 0.000000 3.161069 100.856092 0.000000 9.200454 -0.025660 
77 -5.375000 0.000000 3.161069 99.935959 0.000000 9.075152 -0.006955 
78 -2.187500 0.000000 6.293564 100.346819 0.000000 8.591723 -0.014330 
79 -0.593750 0.000000 -1.537675 96.266092 -0.000000 8.616827 0.065859 
80 -2.187500 0.000000 -1.537675 98.158419 -0.000000 9.528508 0.027413 
81 -0.593750 0.000000 -3.103923 97.792140 -0.000000 8.090532 0.037124 
82 -0.593750 0.000000 0.028573 82.448732 -0.001235 21.030299 0.275993 
83 2.593750 0.000000 1.594821 101.801447 0.000000 2.665544 -0.037064 
84 1.000000 0.000000 1.594821 105.837626 0.000000 5.027108 -0.122687 
85 4.187500 0.000000 1.594821 100.328992 0.000000 3.523699 -0.007832 
86 2.593750 0.000000 3.161069 101.497935 0.000000 5.477387 -0.033183 
87 1.796875 0.000000 -0.754551 93.999073 0.001828 -3.380252 0.115275 
88 1.000000 0.000000 -0.754551 95.955163 -0.000696 4.678091 0.077072 
89 1.796875 0.000000 -1.537675 96.777027 -0.000000 4.835781 0.061082 
90 2.593750 0.000000 -0.754551 97.191650 -0.000000 2.657328 0.054672 
91 1.796875 0.000000 0.028573 99.390408 0.002123 -8.081864 0.005623 
92 39.250000 0.000000 -12.501411 99.637244 -0.000000 8.392184 0.000199 
93 39.250000 0.000000 -25.031394 99.616466 -0.000000 8.607939 0.000246 
94 52.000000 0.000000 -12.501411 99.639057 -0.000000 8.433359 0.000094 
95 39.250000 0.000000 0.028573 99.864305 -0.000000 5.879262 -0.000745 
96 20.125000 0.000000 -6.236419 99.670141 -0.000000 7.643639 0.000744 
97 20.125000 0.000000 -12.501411 99.605373 -0.000000 8.311943 0.000968 
98 26.500000 0.000000 -6.236419 99.681839 -0.000000 7.761210 0.000329 
99 20.125000 0.000000 0.028573 99.965787 -0.000000 4.571335 -0.001406 
100 10.562500 0.000000 -3.103923 99.671964 -0.000000 6.120956 0.002803 
101 10.562500 0.000000 -6.236419 99.543194 -0.000000 7.428539 0.003597 
102 13.750000 0.000000 -3.103923 99.741098 -0.000000 6.333101 0.001161 
103 10.562500 0.000000 0.028573 99.970330 -0.000000 3.768188 -0.000827 
104 5.781250 0.000000 -1.537675 99.376380 -0.000000 4.407659 0.010491 
105 5.781250 0.000000 -3.103923 99.225776 -0.000000 5.794234 0.012067 
106 7.375000 0.000000 -1.537675 99.633430 -0.000000 4.652749 0.005153 
107 5.781250 0.000000 0.028573 99.723121 -0.000000 3.138764 0.004545 
108 3.390625 0.000000 -0.754551 98.390019 -0.000000 2.814093 0.031149 
109 3.390625 0.000000 -1.537675 98.277776 -0.000000 4.066701 0.032494 
110 4.187500 0.000000 -0.754551 98.995984 -0.000000 3.155330 0.018984 
111 3.390625 0.000000 0.028573 99.023202 -0.000000 1.766451 0.019129 
112 -0.593750 0.000000 1.594821 103.444632 0.000000 10.511635 -0.081129 
113 -2.187500 0.000000 1.594821 100.643620 0.000000 10.174591 -0.023266 
114 -0.593750 0.000000 3.161069 101.938457 0.000000 8.559497 -0.046471 
115 1.796875 0.000000 0.811697 95.652093 0.002429 -6.717317 0.080555 
116 1.000000 0.000000 0.811697 118.591025 0.002309 -6.519613 -0.410634 
117 2.593750 0.000000 0.811697 100.797708 0.000000 0.536619 -0.016047 
118 1.796875 0.000000 1.594821 103.763608 0.000000 2.885631 -0.077521 
119 2.195312 0.000000 -0.362989 93.334954 0.001898 -3.672520 0.127510 
120 1.796875 0.000000 -0.362989 96.247213 0.001806 -3.529377 0.072402 
121 2.195312 0.000000 -0.754551 87.493314 0.002046 -2.431973 0.233901 
122 2.593750 0.000000 -0.362989 89.303928 0.002162 -4.558277 0.200403 
123 2.195312 0.000000 0.028573 94.231428 0.002043 -4.460625 0.110054 
124 0.203125 0.000000 -0.754551 81.686531 -0.001410 13.918165 0.313360 
125 -0.593750 0.000000 -0.754551 94.697021 -0.000000 10.288805 0.092661 
126 0.203125 0.000000 -1.537675 95.785147 -0.000000 7.066023 0.077528 
127 0.203125 0.000000 0.028573 101.496941 -0.000594 16.116757 -0.056138 
128 1.398438 0.000000 -0.362989 99.300406 0.001588 -3.086625 0.012990 
129 1.000000 0.000000 -0.362989 104.988864 0.000676 -1.033591 -0.102373 
130 1.398438 0.000000 -0.754551 99.145710 0.000838 1.747940 0.016707 
131 1.398438 0.000000 0.028573 101.837641 0.001670 -3.326244 -0.038197 
132 39.250000 0.000000 12.558556 99.692863 0.000000 7.933594 -0.000161 
133 52.000000 0.000000 12.558556 99.704277 0.000000 7.768355 -0.000129 
134 39.250000 0.000000 25.088540 99.643588 0.000000 8.541411 -0.000180 
135 20.125000 0.000000 6.293564 99.807928 0.000000 6.748818 -0.000717 
136 26.500000 0.000000 6.293564 99.818509 0.000000 6.511153 -0.000613 
137 20.125000 0.000000 12.558556 99.706122 0.000000 8.102095 -0.000695 
138 10.562500 0.000000 3.161069 99.958839 0.000000 5.319492 -0.002007 
139 13.750000 0.000000 3.161069 99.940057 0.000000 5.207479 -0.001513 
140 10.562500 0.000000 6.293564 99.880356 0.000000 7.003685 -0.002514 
141 5.781250 0.000000 1.594821 100.057771 0.000000 3.987474 -0.002746 
142 7.375000 0.000000 1.594821 100.002645 0.000000 4.157499 -0.001781 
143 5.781250 0.000000 3.161069 100.221602 0.000000 5.308340 -0.007255 
144 3.390625 0.000000 0.811697 100.066140 0.000000 2.012770 -0.001728 
145 4.187500 0.000000 0.811697 99.911249 0.000000 2.746349 0.001020 
146 3.390625 0.000000 1.594821 100.782365 0.000000 3.103139 -0.016671 
147 2.195312 0.000000 0.420135 94.627318 0.002195 -5.348587 0.101706 
148 1.796875 0.000000 0.420135 97.709859 0.002016 -4.700641 0.043069 
149 2.593750 0.000000 0.420135 88.639316 0.002407 -6.596079 0.209956 
150 2.195312 0.000000 0.811697 88.444597 0.002383 -9.582757 0.208572 
151 1.996094 0.000000 -0.167208 95.540401 0.001966 -4.137610 0.085491 
152 1.796875 0.000000 -0.167208 96.233200 0.001836 -3.691233 0.072555 
153 1.996094 0.000000 -0.362989 94.772293 0.001879 -3.659764 0.100482 
154 2.195312 0.000000 -0.167208 94.241113 0.002029 -4.346696 0.109972 
155 1.996094 0.000000 0.028573 84.852265 0.001951 -4.561635 0.277928 
156 0.203125 0.000000 0.811697 97.504846 -0.000445 30.568025 -0.044160 
157 -0.593750 0.000000 0.811697 103.223700 0.000000 13.945008 -0.084960 
158 0.203125 0.000000 1.594821 105.729417 0.000000 8.554193 -0.125188 
159 1.398438 0.000000 0.420135 100.121072 0.001721 -3.820512 -0.003883 
160 1.000000 0.000000 0.420135 108.270842 0.000940 -0.073976 -0.172258 
161 1.398438 0.000000 0.811697 109.804090 0.002853 -10.169858 -0.216036 
162 1.597656 0.000000 -0.167208 97.661835 0.001519 -2.398058 0.045642 
163 1.398438 0.000000 -0.167208 98.787412 0.001198 -1.223566 0.023955 
164 1.597656 0.000000 -0.362989 97.806117 0.001778 -3.566228 0.042125 
165 1.597656 0.000000 0.028573 100.427570 0.001869 -4.336846 -0.010450 
166 1.996094 0.000000 0.224354 95.807636 0.002002 -4.444306 0.080115 
167 1.796875 0.000000 0.224354 97.383290 0.001907 -4.243178 0.049849 
168 2.195312 0.000000 0.224354 94.425868 0.002052 -4.565085 0.106292 
169 1.996094 0.000000 0.420135 96.126356 0.002123 -5.045434 0.073427 
170 1.896484 0.000000 -0.069318 95.325813 0.001743 -1.422332 0.091097 
171 1.796875 0.000000 -0.069318 96.500471 0.001453 -1.104230 0.068644 
172 1.896484 0.000000 -0.167208 95.850387 0.001952 -4.100705 0.079589 
173 1.996094 0.000000 -0.069318 95.517558 0.001977 -4.217956 0.085860 
174 1.896484 0.000000 0.028573 95.192358 0.002202 -6.320393 0.089847 
175 2.992188 0.000000 -0.362989 98.103929 -0.000000 1.833042 0.037226 
176 2.992188 0.000000 -0.754551 97.887942 -0.000000 2.671183 0.041082 
177 3.390625 0.000000 -0.362989 98.624058 -0.000000 2.189308 0.026850 
178 2.992188 0.000000 0.028573 98.652323 -0.000000 1.162654 0.026637 
179 2.394531 0.000000 -0.167208 92.964448 0.002057 -4.497126 0.133739 
180 2.394531 0.000000 -0.362989 91.473626 0.002080 -4.523845 0.161211 
181 2.593750 0.000000 -0.167208 89.262170 0.002164 -4.583550 0.201126 
182 2.394531 0.000000 0.028573 92.957209 0.002065 -4.570137 0.133807 
183 2.095703 0.000000 -0.069318 94.333461 0.002032 -4.392004 0.108191 
184 2.095703 0.000000 -0.167208 94.360682 0.002024 -4.326678 0.107734 
185 2.195312 0.000000 -0.069318 94.209147 0.002036 -4.401789 0.110526 
186 2.095703 0.000000 0.028573 94.362635 0.002040 -4.462951 0.107578 
187 1.597656 0.000000 0.224354 100.256670 0.002066 -5.156473 -0.007799 
188 1.398438 0.000000 0.224354 102.959341 0.002068 -5.297189 -0.062869 
189 1.597656 0.000000 0.420135 98.449165 0.001893 -4.276812 0.028947 
190 1.896484 0.000000 0.126463 96.011704 0.001989 -4.384571 0.076253 
191 1.796875 0.000000 0.126463 98.406464 0.002118 -6.378782 0.027548 
192 1.996094 0.000000 0.126463 95.661579 0.001996 -4.382137 0.082966 
193 1.896484 0.000000 0.224354 96.142977 0.001998 -4.456748 0.073667 
194 1.946289 0.000000 -0.020373 92.319827 0.002781 -2.352789 0.147151 
195 1.896484 0.000000 -0.020373 94.333520 0.002144 -3.031185 0.109200 
196 1.946289 0.000000 -0.069318 95.672941 0.001972 -4.206356 0.082899 
197 1.996094 0.000000 -0.020373 83.999860 0.002066 -3.562367 0.293133 
198 1.946289 0.000000 0.028573 93.735314 0.002365 -7.758349 0.115350 
199 0.601562 0.000000 -0.362989 97.649061 -0.000464 8.760361 0.038792 
200 0.203125 0.000000 -0.362989 92.990719 -0.000912 12.291608 0.120164 
201 0.601562 0.000000 -0.754551 93.481013 -0.001315 -2.279971 0.125610 
202 0.601562 0.000000 0.028573 102.648514 -0.000244 6.469819 -0.057858 
203 1.199219 0.000000 -0.167208 99.993039 0.000984 -0.920058 0.000055 
204 1.000000 0.000000 -0.167208 103.306991 0.000420 0.281827 -0.067241 
205 1.199219 0.000000 -0.362989 101.373771 0.001226 -2.380307 -0.028231 
206 1.199219 0.000000 0.028573 103.226494 0.001361 -2.368790 -0.066132 
207 1.498047 0.000000 -0.069318 98.658417 0.001121 -0.122773 0.026650 
208 1.398438 0.000000 -0.069318 99.549304 0.001250 -1.313022 0.008821 
209 1.498047 0.000000 -0.167208 98.716930 0.001436 -2.060483 0.025072 
210 1.597656 0.000000 -0.069318 98.561814 0.001395 -1.678423 0.028275 
211 1.498047 0.000000 0.028573 101.702705 0.001981 -4.634694 -0.036492 
212 0.601562 0.000000 0.420135 99.940774 -0.000304 9.552763 -0.007941 
213 0.203125 0.000000 0.420135 96.731401 -0.000645 13.658580 0.045648 
214 0.601562 0.000000 0.811697 125.137482 0.000810 11.083997 -0.578224 
215 0.800781 0.000000 -0.167208 99.170957 -0.000182 5.658230 0.013311 
216 0.601562 0.000000 -0.167208 98.053016 -0.000493 6.534728 0.034290 
217 0.800781 0.000000 -0.362989 102.781674 -0.000091 2.950577 -0.057278 
218 0.800781 0.000000 0.028573 102.887421 0.000101 4.399811 -0.060518 
219 -37.250000 0.000000 -12.501411 99.611773 -0.000000 8.726849 0.000134 
220 -50.000000 0.000000 -12.501411 99.616149 -0.000000 8.722635 0.000054 
221 -37.250000 0.000000 -25.031394 99.608982 -0.000000 8.721371 0.000199 
222 -37.250000 0.000000 0.028573 99.619818 0.000000 8.730051 -0.000032 
223 -18.125000 0.000000 -6.236419 99.585857 -0.000000 8.759755 0.000592 
224 -24.500000 0.000000 -6.236419 99.604788 0.000000 8.743585 0.000244 
225 -18.125000 0.000000 -12.501411 99.576052 -0.000000 8.737455 0.000827 
226 -18.125000 0.000000 0.028573 99.617460 0.000000 8.774028 -0.000062 
227 -8.562500 0.000000 -3.103923 99.462924 -0.000000 8.900019 0.002792 
228 -11.750000 0.000000 -3.103923 99.551774 0.000000 8.825090 0.001156 
229 -8.562500 0.000000 -6.236419 99.439640 0.000000 8.794044 0.003442 
230 -8.562500 0.000000 0.028573 99.588313 0.000000 8.960015 0.000189 
231 -3.781250 0.000000 -1.537675 98.999471 -0.000000 9.314627 0.011234 
232 -5.375000 0.000000 -1.537675 99.313394 -0.000000 9.123720 0.005361 
233 -3.781250 0.000000 -3.103923 98.927591 -0.000000 8.966784 0.013293 
234 -3.781250 0.000000 0.028573 99.415548 -0.000000 9.613756 0.002412 
235 -1.390625 0.000000 -0.754551 97.278754 -0.000000 10.619414 0.042407 
236 -2.187500 0.000000 -0.754551 98.386591 -0.000000 10.149037 0.021708 
237 -1.390625 0.000000 -1.537675 97.322392 -0.000000 9.403764 0.043992 
238 -1.390625 0.000000 0.028573 98.555563 -0.000000 12.033146 0.014200 
239 -0.195312 0.000000 -0.362989 86.938942 -0.001178 16.166583 0.218026 
240 -0.593750 0.000000 -0.362989 75.271532 -0.001375 23.094189 0.380085 
241 -0.195312 0.000000 -0.754551 70.986361 -0.001601 15.673723 0.471527 
242 -0.195312 0.000000 0.028573 89.294890 -0.001043 17.045523 0.173587 
243 0.402344 0.000000 -0.167208 96.281304 -0.000762 7.035023 0.068042 
244 0.203125 0.000000 -0.167208 93.561200 -0.000943 8.214379 0.117883 
245 0.402344 0.000000 -0.362989 95.582442 -0.000708 10.429874 0.075521 
246 0.402344 0.000000 0.028573 102.896539 -0.000430 10.020446 -0.068811 
247 -37.250000 0.000000 12.558556 99.628126 0.000000 8.727124 -0.000193 
248 -50.000000 0.000000 12.558556 99.623487 -0.000000 8.722699 -0.000092 
249 -37.250000 0.000000 25.088540 99.631214 -0.000000 8.721496 -0.000244 
250 -18.125000 0.000000 6.293564 99.651812 0.000000 8.763343 -0.000728 
251 -24.500000 0.000000 6.293564 99.634428 0.000000 8.744734 -0.000349 
252 -18.125000 0.000000 12.558556 99.665467 0.000000 8.740640 -0.000960 
253 -8.562500 0.000000 3.161069 99.735653 0.000000 8.933752 -0.002701 
254 -11.750000 0.000000 3.161069 99.670530 -0.000000 8.836238 -0.001229 
255 -8.562500 0.000000 6.293564 99.793105 0.000000 8.825583 -0.003655 
256 -3.781250 0.000000 1.594821 99.961241 0.000000 9.524881 -0.008297 
257 -5.375000 0.000000 1.594821 99.768471 0.000000 9.206781 -0.003851 
258 -3.781250 0.000000 3.161069 100.226100 0.000000 9.189135 -0.012971 
259 -1.390625 0.000000 0.811697 100.642047 0.000000 11.832407 -0.026883 
260 -2.187500 0.000000 0.811697 100.004891 0.000000 10.639372 -0.011417 
261 -1.390625 0.000000 1.594821 101.587359 0.000000 10.586923 -0.043207 
262 -0.195312 0.000000 0.420135 91.075627 -0.000958 18.472141 0.136401 
263 -0.593750 0.000000 0.420135 74.969775 -0.001239 30.531257 0.344738 
264 -0.195312 0.000000 0.811697 96.075584 -0.000501 49.021933 -0.163367 
265 0.003906 0.000000 -0.167208 91.388128 -0.000952 14.191294 0.144682 
266 -0.195312 0.000000 -0.167208 88.848009 -0.001068 16.225133 0.184278 
267 0.003906 0.000000 -0.362989 90.067300 -0.001064 14.243300 0.168501 
268 0.003906 0.000000 0.028573 68.404085 -0.000963 62.259061 0.144469 
269 0.402344 0.000000 0.224354 105.046614 -0.000270 11.239388 -0.116112 
270 0.203125 0.000000 0.224354 96.052085 -0.000687 13.325345 0.059643 
271 0.601562 0.000000 0.224354 105.449910 0.000026 7.263462 -0.117244 
272 0.402344 0.000000 0.420135 98.906196 -0.000411 11.097667 0.009441 
273 0.302734 0.000000 -0.069318 94.462873 -0.001104 3.765826 0.106258 
274 0.203125 0.000000 -0.069318 91.909791 -0.001400 -2.534467 0.154617 
275 0.302734 0.000000 -0.167208 94.961312 -0.000882 8.542948 0.090937 
276 0.402344 0.000000 -0.069318 96.447005 -0.000798 6.536494 0.065525 
277 0.302734 0.000000 0.028573 100.230963 -0.000669 11.071997 -0.016884 
278 0.003906 0.000000 0.224354 93.161970 -0.000872 15.626897 0.107665 
279 -0.195312 0.000000 0.224354 90.305525 -0.001007 17.510845 0.153828 
280 0.003906 0.000000 0.420135 94.058925 -0.000825 16.124635 0.089291 
281 0.103516 0.000000 -0.069318 85.301119 -0.001785 -9.358391 0.263614 
282 0.003906 0.000000 -0.069318 82.534304 -0.001409 2.336363 0.318263 
283 0.103516 0.000000 -0.167208 92.198274 -0.000935 13.689353 0.131208 
284 0.103516 0.000000 0.028573 102.594150 -0.000665 23.747382 -0.108950 
285 -0.992188 0.000000 -0.362989 96.559303 -0.000000 12.105874 0.052975 
286 -1.390625 0.000000 -0.362989 97.696308 -0.000000 11.410480 0.032523 
287 -0.992188 0.000000 -0.754551 96.239771 -0.000000 10.698392 0.062345 
288 -0.992188 0.000000 0.028573 97.920864 -0.000000 13.413442 0.023158 
289 -0.394531 0.000000 -0.167208 86.160033 -0.001156 18.235786 0.224390 
290 -0.593750 0.000000 -0.167208 77.151686 -0.001395 20.134543 0.364222 
291 -0.394531 0.000000 -0.362989 83.046897 -0.001280 17.979495 0.277995 
292 -0.394531 0.000000 0.028573 86.498914 -0.001138 18.864900 0.216205 
293 -0.095703 0.000000 -0.069318 89.631445 -0.001050 15.830715 0.171559 
294 -0.195312 0.000000 -0.069318 88.977955 -0.001057 16.650387 0.180569 
295 -0.095703 0.000000 -0.167208 89.161595 -0.001065 15.934079 0.179632 
296 -0.095703 0.000000 0.028573 91.121813 -0.000931 15.986950 0.144123 
297 0.103516 0.000000 0.126463 107.018608 -0.000542 25.216327 -0.208885 
298 0.003906 0.000000 0.126463 92.567848 -0.000896 15.455085 0.119233 
299 0.203125 0.000000 0.126463 111.161009 -0.000348 20.012147 -0.275726 
300 0.103516 0.000000 0.224354 94.079808 -0.000847 15.174973 0.091871 
301 0.053711 0.000000 -0.020373 78.379373 -0.001724 -6.447921 0.381510 
302 0.003906 0.000000 -0.020373 33.511090 -0.001979 -4.518683 0.885659 
303 0.053711 0.000000 -0.069318 79.417474 -0.001698 -5.831067 0.365886 
304 0.103516 0.000000 -0.020373 89.399841 -0.001288 4.155920 0.199040 
305 0.053711 0.000000 0.028573 104.653062 -0.000570 41.104449 -0.264184 
306 -0.992188 0.000000 0.420135 99.929163 0.000000 13.622905 -0.017142 
307 -1.390625 0.000000 0.420135 99.663478 0.000000 12.181691 -0.008120 
308 -0.992188 0.000000 0.811697 101.458804 0.000000 12.771487 -0.045700 
309 -0.394531 0.000000 0.224354 87.222624 -0.001114 19.278972 0.202054 
310 -0.593750 0.000000 0.224354 81.954659 -0.001177 24.446864 0.268578 
311 -0.394531 0.000000 0.420135 87.513534 -0.001065 21.082702 0.189690 
312 -0.095703 0.000000 0.126463 91.662593 -0.000909 16.300879 0.133225 
313 -0.195312 0.000000 0.126463 89.762887 -0.001025 17.344714 0.164179 
314 -0.095703 0.000000 0.224354 92.275276 -0.000886 16.454678 0.121452 
315 0.053711 0.000000 0.077518 105.847216 -0.000547 39.308107 -0.274876 
316 0.003906 0.000000 0.077518 98.288076 -0.000727 32.963260 -0.074712 
317 0.103516 0.000000 0.077518 121.783028 -0.000200 41.219852 -0.653018 
318 0.053711 0.000000 0.126463 101.006287 -0.000695 22.680194 -0.071666 
319 0.302734 0.000000 0.126463 119.462500 -0.000040 16.300173 -0.453698 
320 0.402344 0.000000 0.126463 106.899637 -0.000229 11.215252 -0.155331 
321 0.302734 0.000000 0.224354 102.067793 -0.000511 13.498548 -0.060005 
322 0.800781 0.000000 0.224354 105.094902 0.000365 4.286615 -0.106331 
323 1.000000 0.000000 0.224354 109.027295 0.001166 -2.235968 -0.189195 
324 0.800781 0.000000 0.420135 109.760936 0.000464 4.211710 -0.206520 
325 1.199219 0.000000 0.224354 104.941008 0.001770 -4.067024 -0.102916 
326 1.199219 0.000000 0.420135 104.332385 0.001394 -2.954393 -0.089398 
327 1.498047 0.000000 0.126463 102.787284 0.002293 -6.299030 -0.060490 
328 1.398438 0.000000 0.126463 103.095015 0.002000 -5.104823 -0.065464 
329 1.597656 0.000000 0.126463 101.479903 0.002302 -6.865458 -0.034531 
330 1.498047 0.000000 0.224354 100.803438 0.001993 -5.038638 -0.018672 
331 1.697266 0.000000 -0.069318 97.601906 0.001455 -1.464387 0.047172 
332 1.697266 0.000000 -0.167208 97.483281 0.001828 -3.784723 0.048269 
333 1.697266 0.000000 0.028573 99.407053 0.001930 -5.011578 0.009312 
334 1.846680 0.000000 -0.020373 96.403427 0.001624 -2.169800 0.070167 
335 1.796875 0.000000 -0.020373 96.714155 0.001328 -0.137572 0.064635 
336 1.846680 0.000000 -0.069318 95.383799 0.001454 0.096327 0.090192 
337 1.846680 0.000000 0.028573 97.702585 0.001919 -6.810688 0.040782 
338 2.992188 0.000000 0.420135 99.481821 0.000000 1.012724 0.010234 
339 3.390625 0.000000 0.420135 99.542491 0.000000 1.719069 0.008834 
340 2.992188 0.000000 0.811697 100.288153 0.000000 1.408014 -0.005970 
341 2.394531 0.000000 0.224354 93.075093 0.002070 -4.641445 0.131548 
342 2.593750 0.000000 0.224354 89.301712 0.002165 -4.653076 0.200355 
343 2.394531 0.000000 0.420135 91.609801 0.002092 -4.738794 0.158519 
344 2.095703 0.000000 0.126463 94.447611 0.002046 -4.530541 0.105912 
345 2.195312 0.000000 0.126463 94.308190 0.002048 -4.516926 0.108556 
346 2.095703 0.000000 0.224354 94.571978 0.002051 -4.586895 0.103510 
347 1.946289 0.000000 0.077518 95.766313 0.001989 -4.343453 0.080995 
348 1.896484 0.000000 0.077518 97.026595 0.002101 -7.618458 0.052780 
349 1.996094 0.000000 0.077518 95.603160 0.001992 -4.344360 0.084116 
350 1.946289 0.000000 0.126463 95.824053 0.001993 -4.384450 0.079853 
351 1.921387 0.000000 0.004100 93.026858 0.002491 -4.848992 0.132249 
352 1.896484 0.000000 0.004100 94.624767 0.002181 -4.548354 0.102547 
353 1.921387 0.000000 -0.020373 93.228236 0.002542 -2.614701 0.130166 
354 1.946289 0.000000 0.004100 88.453052 0.002494 -4.744063 0.215355 
355 1.921387 0.000000 0.028573 94.015496 0.002244 -6.592792 0.111762 
356 2.045898 0.000000 -0.020373 95.399412 0.001986 -4.266741 0.088075 
357 2.045898 0.000000 -0.069318 95.390604 0.001981 -4.227365 0.088276 
358 2.095703 0.000000 -0.020373 94.340615 0.002036 -4.427312 0.108025 
359 2.045898 0.000000 0.028573 95.425778 0.001991 -4.305857 0.087538 
360 1.971191 0.000000 0.004100 82.307715 0.002114 -4.691117 0.320343 
361 1.971191 0.000000 -0.020373 85.309436 0.002331 -3.410343 0.271067 
362 1.996094 0.000000 0.004100 81.851724 0.001975 -4.329405 0.328155 
363 1.971191 0.000000 0.028573 86.327437 0.002177 -5.062510 0.252194 
364 4.984375 0.000000 0.811697 99.890366 0.000000 3.133482 0.001210 
365 4.984375 0.000000 0.028573 99.591378 -0.000000 2.898407 0.007316 
366 5.781250 0.000000 0.811697 99.904531 0.000000 3.387635 0.000761 
367 4.984375 0.000000 1.594821 100.146970 0.000000 3.787202 -0.004376 
368 8.968750 0.000000 1.594821 99.996190 0.000000 4.196337 -0.001685 
369 8.968750 0.000000 0.028573 99.943703 -0.000000 3.625915 -0.000189 
370 10.562500 0.000000 1.594821 100.000554 0.000000 4.161716 -0.001743 
371 8.968750 0.000000 3.161069 99.986526 0.000000 5.359505 -0.002603 
372 6.578125 0.000000 0.811697 99.929900 0.000000 3.522917 0.000160 
373 6.578125 0.000000 0.028573 99.816559 -0.000000 3.307279 0.002572 
374 7.375000 0.000000 0.811697 99.955290 0.000000 3.599841 -0.000402 
375 6.578125 0.000000 1.594821 100.018351 0.000000 4.095946 -0.002045 
376 8.968750 0.000000 -1.537675 99.751688 -0.000000 4.856963 0.002601 
377 8.968750 0.000000 -3.103923 99.601937 -0.000000 6.012458 0.004330 
378 10.562500 0.000000 -1.537675 99.805016 -0.000000 5.015063 0.001381 
379 6.578125 0.000000 -0.754551 99.665257 -0.000000 3.823083 0.005222 
380 5.781250 0.000000 -0.754551 99.530922 -0.000000 3.653614 0.008025 
381 6.578125 0.000000 -1.537675 99.529717 -0.000000 4.535262 0.007327 
382 7.375000 0.000000 -0.754551 99.753015 -0.000000 3.966332 0.003360 
383 6.179688 0.000000 0.420135 99.849207 0.000000 3.261179 0.001950 
384 5.781250 0.000000 0.420135 99.816866 0.000000 3.178049 0.002649 
385 6.179688 0.000000 0.028573 99.773692 -0.000000 3.230100 0.003478 
386 6.578125 0.000000 0.420135 99.878513 0.000000 3.326164 0.001322 
387 6.179688 0.000000 0.811697 99.916475 0.000000 3.464577 0.000469 
388 4.984375 0.000000 -0.754551 99.320574 -0.000000 3.420666 0.012372 
389 4.984375 0.000000 -1.537675 99.140216 -0.000000 4.251033 0.015315 
390 5.382812 0.000000 0.420135 99.779855 0.000000 3.046672 0.003470 
391 4.984375 0.000000 0.420135 99.742057 0.000000 2.911540 0.004305 
392 5.382812 0.000000 0.028573 99.660494 -0.000000 3.004771 0.005876 
393 5.382812 0.000000 0.811697 99.901703 0.000000 3.248443 0.000910 
394 6.179688 0.000000 -0.362989 99.689432 -0.000000 3.421697 0.005031 
395 5.781250 0.000000 -0.362989 99.625245 -0.000000 3.327126 0.006374 
396 6.179688 0.000000 -0.754551 99.604927 -0.000000 3.742162 0.006485 
397 6.578125 0.000000 -0.362989 99.742227 -0.000000 3.506030 0.003920 
398 5.980469 0.000000 0.224354 99.792322 0.000000 3.176016 0.003141 
399 5.781250 0.000000 0.224354 99.770772 0.000000 3.130070 0.003600 
400 5.980469 0.000000 0.028573 99.749284 -0.000000 3.186492 0.003993 
401 6.179688 0.000000 0.224354 99.812740 0.000000 3.217235 0.002707 
402 5.980469 0.000000 0.420135 99.833302 0.000000 3.222184 0.002293 
403 5.382812 0.000000 -0.362989 99.545309 -0.000000 3.206748 0.008045 
404 4.984375 0.000000 -0.362989 99.447498 -0.000000 3.066169 0.010079 
405 5.382812 0.000000 -0.754551 99.445459 -0.000000 3.584806 0.009775 
406 5.980469 0.000000 -0.167208 99.704457 -0.000000 3.256592 0.004842 
407 5.781250 0.000000 -0.167208 99.674303 -0.000000 3.207754 0.005474 
408 5.980469 0.000000 -0.362989 99.658797 -0.000000 3.375899 0.005673 
409 6.179688 0.000000 -0.167208 99.732245 -0.000000 3.301935 0.004258 
410 8.171875 0.000000 0.811697 99.975558 0.000000 3.643238 -0.000839 
411 8.171875 0.000000 0.028573 99.917799 -0.000000 3.536491 0.000393 
412 8.968750 0.000000 0.811697 99.990722 0.000000 3.666921 -0.001159 
413 8.171875 0.000000 1.594821 99.997280 0.000000 4.187420 -0.001699 
414 6.976562 0.000000 0.420135 99.903355 0.000000 3.377805 0.000791 
415 6.976562 0.000000 0.028573 99.850924 -0.000000 3.374157 0.001841 
416 7.375000 0.000000 0.420135 99.923873 0.000000 3.420161 0.000352 
417 6.976562 0.000000 0.811697 99.943127 0.000000 3.566811 -0.000135 
418 6.378906 0.000000 0.224354 99.831811 -0.000000 3.254343 0.002302 
419 6.378906 0.000000 0.028573 99.796183 -0.000000 3.270190 0.003003 
420 6.578125 0.000000 0.224354 99.849294 0.000000 3.287935 0.001931 
421 6.378906 0.000000 0.420135 99.864359 0.000000 3.295637 0.001625 
422 6.080078 0.000000 0.126463 99.782494 -0.000000 3.195382 0.003324 
423 5.980469 0.000000 0.126463 99.771061 -0.000000 3.173647 0.003566 
424 6.080078 0.000000 0.028573 99.761714 -0.000000 3.208772 0.003730 
425 6.179688 0.000000 0.126463 99.793549 -0.000000 3.216087 0.003090 
426 6.080078 0.000000 0.224354 99.802683 0.000000 3.197177 0.002920 
427 8.171875 0.000000 -0.754551 99.810079 -0.000000 4.089510 0.002122 
428 8.171875 0.000000 -1.537675 99.703660 -0.000000 4.759663 0.003653 
429 8.968750 0.000000 -0.754551 99.847762 -0.000000 4.198053 0.001280 
430 6.976562 0.000000 -0.362989 99.784363 -0.000000 3.582239 0.003025 
431 6.976562 0.000000 -0.754551 99.713923 -0.000000 3.897582 0.004194 
432 7.375000 0.000000 -0.362989 99.817753 -0.000000 3.651516 0.002308 
433 6.378906 0.000000 -0.167208 99.757610 -0.000000 3.344321 0.003723 
434 6.378906 0.000000 -0.362989 99.717230 -0.000000 3.464972 0.004447 
435 6.578125 0.000000 -0.167208 99.780458 -0.000000 3.384160 0.003241 
436 6.080078 0.000000 -0.069318 99.740396 -0.000000 3.237219 0.004137 
437 5.980469 0.000000 -0.069318 99.727048 -0.000000 3.214478 0.004418 
438 6.080078 0.000000 -0.167208 99.718647 -0.000000 3.279664 0.004544 
439 6.179688 0.000000 -0.069318 99.753220 -0.000000 3.259088 0.003867 
440 6.279297 0.000000 0.126463 99.804195 -0.000000 3.235837 0.002865 
441 6.279297 0.000000 0.028573 99.785191 -0.000000 3.250551 0.003235 
442 6.378906 0.000000 0.126463 99.814400 -0.000000 3.254703 0.002649 
443 6.279297 0.000000 0.224354 99.822460 -0.000000 3.236266 0.002500 
444 6.129883 0.000000 0.077518 99.777993 -0.000000 3.210795 0.003404 
445 6.080078 0.000000 0.077518 99.772176 -0.000000 3.200164 0.003527 
446 6.129883 0.000000 0.028573 99.767761 -0.000000 3.219550 0.003603 
447 6.179688 0.000000 0.077518 99.783702 -0.000000 3.221187 0.003284 
448 6.129883 0.000000 0.126463 99.788071 -0.000000 3.205859 0.003206 
449 6.279297 0.000000 -0.069318 99.765500 -0.000000 3.280152 0.003609 
450 6.279297 0.000000 -0.167208 99.745238 -0.000000 3.323469 0.003984 
451 6.378906 0.000000 -0.069318 99.777212 -0.000000 3.300473 0.003361 
452 6.229492 0.000000 0.077518 99.789301 -0.000000 3.231351 0.003165 
453 6.229492 0.000000 0.028573 99.779503 -0.000000 3.240431 0.003355 
454 6.279297 0.000000 0.077518 99.794784 -0.000000 3.241294 0.003050 
455 6.229492 0.000000 0.126463 99.798925 -0.000000 3.226077 0.002977 
456 13.750000 0.000000 37.618523 99.648120 0.000000 8.663371 -0.000480 
457 1.000000 0.000000 37.618523 99.651898 0.000000 8.683513 -0.000590 
458 26.500000 0.000000 37.618523 99.640522 0.000000 8.650604 -0.000307 
459 13.750000 0.000000 50.148507 99.636572 -0.000000 8.688582 -0.000294 
460 7.375000 0.000000 18.823548 99.730825 0.000000 8.515085 -0.001874 
461 1.000000 0.000000 18.823548 99.746982 0.000000 8.591741 -0.002328 
462 13.750000 0.000000 18.823548 99.700464 0.000000 8.467966 -0.001189 
463 7.375000 0.000000 25.088540 99.686853 0.000000 8.609865 -0.001160 
464 4.187500 0.000000 9.426060 100.029268 0.000000 8.020357 -0.007018 
465 1.000000 0.000000 9.426060 100.094508 0.000000 8.279639 -0.008746 
466 7.375000 0.000000 9.426060 99.909047 0.000000 7.874866 -0.004383 
467 4.187500 0.000000 12.558556 99.874860 0.000000 8.327340 -0.004433 
468 5.781250 0.000000 4.727317 100.215462 0.000000 6.395474 -0.008404 
469 4.187500 0.000000 4.727317 100.497985 0.000000 6.506596 -0.014218 
470 7.375000 0.000000 4.727317 100.051701 0.000000 6.359534 -0.005079 
471 5.781250 0.000000 6.293564 100.136053 0.000000 7.141327 -0.007823 
472 6.578125 0.000000 2.377945 100.083746 0.000000 4.724990 -0.003908 
473 5.781250 0.000000 2.377945 100.165712 0.000000 4.655836 -0.005485 
474 7.375000 0.000000 2.377945 100.036999 0.000000 4.765717 -0.003011 
475 6.578125 0.000000 3.161069 100.120541 0.000000 5.338236 -0.005262 
476 6.179688 0.000000 1.203259 99.978325 0.000000 3.741665 -0.000967 
477 5.781250 0.000000 1.203259 99.985660 0.000000 3.671354 -0.001061 
478 6.578125 0.000000 1.203259 99.976360 0.000000 3.795210 -0.000968 
479 6.179688 0.000000 1.594821 100.033852 0.000000 4.048741 -0.002316 
480 5.980469 0.000000 0.615916 99.872489 0.000000 3.311412 0.001452 
481 5.781250 0.000000 0.615916 99.861432 0.000000 3.268855 0.001701 
482 6.179688 0.000000 0.615916 99.883599 0.000000 3.348688 0.001205 
483 5.980469 0.000000 0.811697 99.910192 0.000000 3.428705 0.000620 
484 6.080078 0.000000 0.322244 99.822281 0.000000 3.213333 0.002519 
485 5.980469 0.000000 0.322244 99.813060 0.000000 3.192725 0.002716 
486 6.179688 0.000000 0.322244 99.831273 0.000000 3.232776 0.002327 
487 6.080078 0.000000 0.420135 99.841333 0.000000 3.242286 0.002120 
488 6.129883 0.000000 0.175408 99.797990 -0.000000 3.204732 0.003009 
489 6.080078 0.000000 0.175408 99.792664 -0.000000 3.194413 0.003122 
490 6.179688 0.000000 0.175408 99.803228 -0.000000 3.214793 0.002898 
491 6.129883 0.000000 0.224354 99.807751 0.000000 3.207340 0.002813 
492 6.154785 0.000000 0.101991 99.785862 -0.000000 3.213034 0.003246 
493 6.129883 0.000000 0.101991 99.783051 -0.000000 3.207848 0.003305 
494 6.154785 0.000000 0.077518 99.780861 -0.000000 3.216020 0.003344 
495 6.179688 0.000000 0.101991 99.788646 -0.000000 3.218160 0.003187 
496 6.154785 0.000000 0.126463 99.790822 -0.000000 3.211004 0.003148 
497 6.129883 0.000000 -0.020373 99.757385 -0.000000 3.232075 0.003802 
498 6.080078 0.000000 -0.020373 99.751117 -0.000000 3.221159 0.003934 
499 6.129883 0.000000 -0.069318 99.746875 -0.000000 3.248258 0.004001 
500 6.179688 0.000000 -0.020373 99.763527 -0.000000 3.242772 0.003672 
501 6.154785 0.000000 0.053045 99.775821 -0.000000 3.219961 0.003442 
502 6.129883 0.000000 0.053045 99.772896 -0.000000 3.214697 0.003503 
503 6.154785 0.000000 0.028573 99.770741 -0.000000 3.224853 0.003540 
504 6.179688 0.000000 0.053045 99.778717 -0.000000 3.225169 0.003381 
505 6.378906 0.000000 0.615916 99.894532 0.000000 3.381262 0.000965 
506 6.578125 0.000000 0.615916 99.905053 0.000000 3.409713 0.000735 
507 6.378906 0.000000 0.811697 99.923124 0.000000 3.495804 0.000315 
508 6.279297 0.000000 0.322244 99.840003 0.000000 3.251129 0.002140 
509 6.378906 0.000000 0.322244 99.848438 0.000000 3.268470 0.001961 
510 6.279297 0.000000 0.420135 99.856894 0.000000 3.278938 0.001785 
511 6.229492 0.000000 0.175408 99.808373 -0.000000 3.224607 0.002789 
512 6.279297 0.000000 0.175408 99.813421 -0.000000 3.234181 0.002682 
513 6.229492 0.000000 0.224354 99.817644 0.000000 3.226874 0.002603 
514 6.204590 0.000000 0.101991 99.791404 -0.000000 3.223227 0.003129 
515 6.204590 0.000000 0.077518 99.786516 -0.000000 3.226297 0.003224 
516 6.229492 0.000000 0.101991 99.794135 -0.000000 3.228237 0.003071 
517 6.204590 0.000000 0.126463 99.796250 -0.000000 3.221111 0.003033 
518 6.167236 0.000000 0.089754 99.784776 -0.000000 3.216988 0.003265 
519 6.154785 0.000000 0.089754 99.783367 -0.000000 3.214407 0.003295 
520 6.167236 0.000000 0.077518 99.782285 -0.000000 3.218611 0.003314 
521 6.179688 0.000000 0.089754 99.786180 -0.000000 3.219554 0.003235 
522 6.167236 0.000000 0.101991 99.787258 -0.000000 3.215604 0.003216 
523 39.250000 0.000000 37.618523 99.634733 0.000000 8.643488 -0.000179 
524 52.000000 0.000000 37.618523 99.631445 0.000000 8.638400 -0.000105 
525 39.250000 0.000000 50.148507 99.630440 0.000000 8.677526 -0.000152 
526 -11.750000 0.000000 37.618523 99.646629 0.000000 8.703008 -0.000519 
527 -24.500000 0.000000 37.618523 99.637485 0.000000 8.713665 -0.000356 
528 -11.750000 0.000000 50.148507 99.635887 -0.000000 8.706103 -0.000311 
529 -37.250000 0.000000 37.618523 99.630398 -0.000000 8.717375 -0.000221 
530 -50.000000 0.000000 37.618523 99.626113 0.000000 8.718164 -0.000137 
531 -37.250000 0.000000 50.148507 99.628446 -0.000000 8.715245 -0.000178 
532 20.125000 0.000000 18.823548 99.677719 0.000000 8.442658 -0.000693 
533 26.500000 0.000000 18.823548 99.664857 0.000000 8.425045 -0.000407 
534 20.125000 0.000000 25.088540 99.662193 0.000000 8.567789 -0.000596 
535 -5.375000 0.000000 18.823548 99.727210 0.000000 8.667534 -0.002064 
536 -11.750000 0.000000 18.823548 99.691122 0.000000 8.709293 -0.001417 
537 -5.375000 0.000000 25.088540 99.684906 0.000000 8.678527 -0.001240 
538 -18.125000 0.000000 18.823548 99.662866 0.000000 8.723634 -0.000879 
539 -24.500000 0.000000 18.823548 99.645774 0.000000 8.726464 -0.000543 
540 -18.125000 0.000000 25.088540 99.655301 -0.000000 8.714743 -0.000713 
541 10.562500 0.000000 9.426060 99.823628 0.000000 7.803618 -0.002565 
542 13.750000 0.000000 9.426060 99.775135 0.000000 7.757704 -0.001526 
543 10.562500 0.000000 12.558556 99.777749 0.000000 8.182932 -0.002256 
544 -2.187500 0.000000 9.426060 100.091815 0.000000 8.569791 -0.009181 
545 -5.375000 0.000000 9.426060 99.896431 0.000000 8.703359 -0.005505 
546 -2.187500 0.000000 12.558556 99.873828 0.000000 8.579586 -0.004839 
547 -8.562500 0.000000 9.426060 99.787909 0.000000 8.754662 -0.003427 
548 -11.750000 0.000000 9.426060 99.721480 0.000000 8.763158 -0.002117 
549 -8.562500 0.000000 12.558556 99.760351 -0.000000 8.716638 -0.002811 
550 2.593750 0.000000 4.727317 100.883864 0.000000 6.840693 -0.022435 
551 1.000000 0.000000 4.727317 101.148903 0.000000 7.513192 -0.028755 
552 2.593750 0.000000 6.293564 100.484789 0.000000 7.523826 -0.015380 
553 -0.593750 0.000000 4.727317 101.009725 0.000000 8.279105 -0.027151 
554 -2.187500 0.000000 4.727317 100.601737 0.000000 8.749289 -0.019726 
555 -0.593750 0.000000 6.293564 100.526333 0.000000 8.294244 -0.017434 
556 -3.781250 0.000000 4.727317 100.232553 0.000000 8.910332 -0.012596 
557 -5.375000 0.000000 4.727317 99.994178 0.000000 8.927467 -0.007854 
558 -3.781250 0.000000 6.293564 100.145222 0.000000 8.751664 -0.010566 
559 8.968750 0.000000 4.727317 99.965977 0.000000 6.326847 -0.003323 
560 10.562500 0.000000 4.727317 99.915690 0.000000 6.301782 -0.002286 
561 8.968750 0.000000 6.293564 99.940054 0.000000 7.024034 -0.003735 
562 4.984375 0.000000 2.377945 100.311013 0.000000 4.553822 -0.008304 
563 4.187500 0.000000 2.377945 100.573816 0.000000 4.392971 -0.013439 
564 4.984375 0.000000 3.161069 100.380095 0.000000 5.273568 -0.010397 
565 1.697266 0.000000 0.126463 99.499281 0.002227 -6.375770 0.005924 
566 1.697266 0.000000 0.224354 97.859263 0.001894 -4.220655 0.040575 
567 1.846680 0.000000 0.077518 98.754317 0.002271 -9.161367 0.016365 
568 1.796875 0.000000 0.077518 98.732371 0.002042 -6.245947 0.021291 
569 1.846680 0.000000 0.126463 97.045962 0.001996 -4.520729 0.056164 
570 2.045898 0.000000 0.077518 95.468975 0.001995 -4.343371 0.086681 
571 2.095703 0.000000 0.077518 94.398878 0.002043 -4.497732 0.106862 
572 2.045898 0.000000 0.126463 95.527020 0.001999 -4.378071 0.085542 
573 5.382812 0.000000 1.203259 100.001369 0.000000 3.580257 -0.001309 
574 4.984375 0.000000 1.203259 100.027970 0.000000 3.439380 -0.001742 
575 5.382812 0.000000 1.594821 100.093879 0.000000 3.909249 -0.003407 
576 8.171875 0.000000 2.377945 100.009805 0.000000 4.784299 -0.002485 
577 8.968750 0.000000 2.377945 99.993613 0.000000 4.786516 -0.002163 
578 8.171875 0.000000 3.161069 100.014028 0.000000 5.363383 -0.003157 
579 6.976562 0.000000 1.203259 99.977581 0.000000 3.835279 -0.001023 
580 7.375000 0.000000 1.203259 99.980488 0.000000 3.864633 -0.001103 
581 6.976562 0.000000 1.594821 100.008589 0.000000 4.131513 -0.001879 
582 6.229492 0.000000 -0.020373 99.769542 -0.000000 3.253259 0.003545 
583 6.229492 0.000000 -0.069318 99.759429 -0.000000 3.269716 0.003737 
584 6.279297 0.000000 -0.020373 99.775425 -0.000000 3.263544 0.003421 
585 6.204590 0.000000 0.053045 99.781585 -0.000000 3.230321 0.003320 
586 6.204590 0.000000 0.028573 99.776613 -0.000000 3.235293 0.003416 
587 6.229492 0.000000 0.053045 99.784423 -0.000000 3.235417 0.003260 
588 3.390625 0.000000 2.377945 101.012399 0.000000 4.287377 -0.022189 
589 2.593750 0.000000 2.377945 101.771391 0.000000 4.334994 -0.037621 
590 3.390625 0.000000 3.161069 100.999860 0.000000 5.271311 -0.022876 
591 1.796875 0.000000 2.377945 102.776413 0.000000 4.878504 -0.058679 
592 1.000000 0.000000 2.377945 103.575893 0.000000 6.175639 -0.076610 
593 1.796875 0.000000 3.161069 102.033778 0.000000 5.975414 -0.044660 
594 0.203125 0.000000 2.377945 103.514757 0.000000 7.866290 -0.077718 
595 -0.593750 0.000000 2.377945 102.650761 0.000000 9.122855 -0.062041 
596 0.203125 0.000000 3.161069 102.350822 0.000000 7.763274 -0.053596 
597 -1.390625 0.000000 2.377945 101.629253 0.000000 9.599587 -0.042066 
598 -2.187500 0.000000 2.377945 100.880867 0.000000 9.629097 -0.026967 
599 -1.390625 0.000000 3.161069 101.375705 0.000000 9.023226 -0.035845 
1 7 12 10 11 
2 12 2 13 10 
3 1 17 15 16 
4 17 7 11 15 
5 11 25 23 24 
6 25 10 26 23 
7 15 33 31 32 
8 33 11 24 31 
9 24 41 39 40 
10 41 23 42 39 
11 31 49 47 48 
12 49 24 40 47 
13 40 57 55 56 
14 57 39 58 55 
15 47 65 63 64 
16 65 40 56 63 
17 56 73 71 72 
18 73 55 74 71 
19 63 81 79 80 
20 81 56 72 79 
21 72 89 87 88 
22 89 71 90 87 
23 10 93 92 26 
24 93 13 94 92 
25 92 94 8 95 
26 26 92 95 14 
27 23 97 96 42 
28 97 26 98 96 
29 96 98 14 99 
30 42 96 99 27 
31 39 101 100 58 
32 101 42 102 100 
33 100 102 27 103 
34 55 105 104 74 
35 105 58 106 104 
36 71 109 108 90 
37 109 74 110 108 
38 108 110 59 111 
39 115 117 83 118 
40 116 115 118 84 
41 87 121 119 120 
42 121 90 122 119 
43 79 126 124 125 
44 126 72 88 124 
45 88 130 128 129 
46 130 87 120 128 
47 14 95 132 37 
48 95 8 133 132 
49 132 133 21 134 
50 37 132 134 19 
51 27 99 135 53 
52 99 14 136 135 
53 135 136 37 137 
54 53 135 137 35 
55 103 27 139 138 
56 138 139 53 140 
57 111 59 145 144 
58 144 145 85 146 
59 117 144 146 83 
60 147 149 117 150 
61 148 147 150 115 
62 120 153 151 152 
63 153 119 154 151 
64 156 116 84 158 
65 157 156 158 112 
66 159 148 115 161 
67 160 159 161 116 
68 128 164 162 163 
69 164 120 152 162 
70 166 168 147 169 
71 167 166 169 148 
72 152 172 170 171 
73 172 151 173 170 
74 90 176 175 122 
75 176 108 177 175 
76 175 177 111 178 
77 122 175 178 75 
78 119 180 179 154 
79 180 122 181 179 
80 179 181 75 182 
81 154 179 182 123 
82 151 184 183 173 
83 184 154 185 183 
84 183 185 123 186 
85 187 167 148 189 
86 188 187 189 159 
87 190 192 166 193 
88 191 190 193 167 
89 170 196 194 195 
90 196 173 197 194 
91 124 201 199 200 
92 201 88 129 199 
93 129 205 203 204 
94 205 128 163 203 
95 203 163 131 206 
96 204 203 206 5 
97 163 209 207 208 
98 209 162 210 207 
99 207 210 165 211 
100 208 207 211 131 
101 212 160 116 214 
102 213 212 214 156 
103 199 217 215 216 
104 217 129 204 215 
105 215 204 5 218 
106 216 215 218 202 
107 16 221 219 220 
108 221 15 32 219 
109 219 32 18 222 
110 220 219 222 6 
111 32 225 223 224 
112 225 31 48 223 
113 223 48 34 226 
114 224 223 226 18 
115 48 229 227 228 
116 229 47 64 227 
117 227 64 50 230 
118 228 227 230 34 
119 64 233 231 232 
120 233 63 80 231 
121 231 80 66 234 
122 232 231 234 50 
123 80 237 235 236 
124 237 79 125 235 
125 236 235 238 66 
126 125 241 239 240 
127 241 124 200 239 
128 200 245 243 244 
129 245 199 216 243 
130 243 216 202 246 
131 6 222 247 248 
132 222 18 45 247 
133 247 45 28 249 
134 248 247 249 29 
135 18 226 250 251 
136 226 34 61 250 
137 250 61 44 252 
138 251 250 252 45 
139 34 230 253 254 
140 230 50 77 253 
141 253 77 60 255 
142 254 253 255 61 
143 50 234 256 257 
144 234 66 113 256 
145 256 113 76 258 
146 257 256 258 77 
147 66 238 259 260 
148 259 157 112 261 
149 260 259 261 113 
150 262 213 156 264 
151 263 262 264 157 
152 239 267 265 266 
153 267 200 244 265 
154 246 202 271 269 
155 269 271 212 272 
156 270 269 272 213 
157 244 275 273 274 
158 275 243 276 273 
159 273 276 246 277 
160 274 273 277 127 
161 278 270 213 280 
162 279 278 280 262 
163 265 283 281 282 
164 283 244 274 281 
165 281 274 127 284 
166 235 287 285 286 
167 287 125 240 285 
168 285 240 82 288 
169 286 285 288 238 
170 240 291 289 290 
171 291 239 266 289 
172 289 266 242 292 
173 290 289 292 82 
174 266 295 293 294 
175 295 265 282 293 
176 293 282 268 296 
177 294 293 296 242 
178 284 127 299 297 
179 297 299 270 300 
180 298 297 300 278 
181 282 303 301 302 
182 303 281 304 301 
183 301 304 284 305 
184 302 301 305 268 
185 238 288 306 307 
186 288 82 263 306 
187 306 263 157 308 
188 307 306 308 259 
189 82 292 309 310 
190 292 242 279 309 
191 309 279 262 311 
192 310 309 311 263 
193 242 296 312 313 
194 296 268 298 312 
195 312 298 278 314 
196 313 312 314 279 
197 268 305 315 316 
198 305 284 317 315 
199 315 317 297 318 
200 316 315 318 298 
201 127 277 319 299 
202 277 246 320 319 
203 319 320 269 321 
204 299 319 321 270 
205 202 218 322 271 
206 218 5 323 322 
207 322 323 160 324 
208 271 322 324 212 
209 5 206 325 323 
210 206 131 188 325 
211 325 188 159 326 
212 323 325 326 160 
213 131 211 327 328 
214 211 165 329 327 
215 327 329 187 330 
216 328 327 330 188 
217 162 332 331 210 
218 332 152 171 331 
219 331 171 91 333 
220 210 331 333 165 
221 171 336 334 335 
222 336 170 195 334 
223 334 195 174 337 
224 335 334 337 91 
225 75 178 338 149 
226 178 111 339 338 
227 338 339 144 340 
228 149 338 340 117 
229 123 182 341 168 
230 182 75 342 341 
231 341 342 149 343 
232 168 341 343 147 
233 186 123 345 344 
234 344 345 168 346 
235 192 344 346 166 
236 174 198 347 348 
237 198 155 349 347 
238 347 349 192 350 
239 348 347 350 190 
240 195 353 351 352 
241 353 194 354 351 
242 351 354 198 355 
243 352 351 355 174 
244 173 357 356 197 
245 357 183 358 356 
246 356 358 186 359 
247 197 356 359 155 
248 194 361 360 354 
249 361 197 362 360 
250 360 362 155 363 
251 354 360 363 198 
252 59 365 364 145 
253 145 364 367 85 
254 369 103 370 368 
255 368 370 138 371 
256 58 377 376 106 
257 377 100 378 376 
258 376 378 103 369 
259 104 381 379 380 
260 381 106 382 379 
261 74 389 388 110 
262 389 104 380 388 
263 110 388 365 59 
264 365 392 390 391 
265 392 107 384 390 
266 390 384 366 393 
267 391 390 393 364 
268 380 396 394 395 
269 396 379 397 394 
270 107 400 398 399 
271 399 398 402 384 
272 388 405 403 404 
273 405 380 395 403 
274 403 395 107 392 
275 404 403 392 365 
276 395 408 406 407 
277 408 394 409 406 
278 407 406 400 107 
279 43 411 410 374 
280 411 369 412 410 
281 410 412 368 413 
282 374 410 413 142 
283 373 415 414 386 
284 415 43 416 414 
285 414 416 374 417 
286 386 414 417 372 
287 419 373 420 418 
288 418 420 386 421 
289 400 424 422 423 
290 423 422 426 398 
291 106 428 427 382 
292 428 376 429 427 
293 427 429 369 411 
294 382 427 411 43 
295 379 431 430 397 
296 431 382 432 430 
297 430 432 43 415 
298 397 430 415 373 
299 394 434 433 409 
300 434 397 435 433 
301 433 435 373 419 
302 406 438 436 437 
303 438 409 439 436 
304 437 436 424 400 
305 441 419 442 440 
306 440 442 418 443 
307 424 446 444 445 
308 445 444 448 422 
309 409 450 449 439 
310 450 433 451 449 
311 449 451 419 441 
312 453 441 454 452 
313 452 454 440 455 
314 20 38 456 457 
315 38 19 458 456 
316 456 458 22 459 
317 457 456 459 9 
318 36 54 460 461 
319 54 35 462 460 
320 460 462 38 463 
321 461 460 463 20 
322 52 70 464 465 
323 70 51 466 464 
324 464 466 54 467 
325 465 464 467 36 
326 67 143 468 469 
327 143 69 470 468 
328 468 470 51 471 
329 469 468 471 70 
330 141 375 472 473 
331 375 142 474 472 
332 472 474 69 475 
333 473 472 475 143 
334 366 387 476 477 
335 387 372 478 476 
336 476 478 375 479 
337 477 476 479 141 
338 384 402 480 481 
339 402 383 482 480 
340 480 482 387 483 
341 481 480 483 366 
342 398 426 484 485 
343 426 401 486 484 
344 484 486 383 487 
345 485 484 487 402 
346 422 448 488 489 
347 448 425 490 488 
348 488 490 401 491 
349 489 488 491 426 
350 444 494 492 493 
351 492 495 425 496 
352 493 492 496 448 
353 436 499 497 498 
354 499 439 500 497 
355 497 500 385 446 
356 498 497 446 424 
357 446 503 501 502 
358 503 385 504 501 
359 501 504 447 494 
360 502 501 494 444 
361 383 421 505 482 
362 421 386 506 505 
363 505 506 372 507 
364 482 505 507 387 
365 401 443 508 486 
366 443 418 509 508 
367 508 509 421 510 
368 486 508 510 383 
369 425 455 511 490 
370 455 440 512 511 
371 511 512 443 513 
372 490 511 513 401 
373 447 515 514 495 
374 515 452 516 514 
375 514 516 455 517 
376 495 514 517 425 
377 494 520 518 519 
378 520 447 521 518 
379 518 521 495 522 
380 519 518 522 492 
381 19 134 523 458 
382 134 21 524 523 
383 523 524 3 525 
384 458 523 525 22 
385 28 46 526 527 
386 46 20 457 526 
387 526 457 9 528 
388 527 526 528 30 
389 29 249 529 530 
390 249 28 527 529 
391 529 527 30 531 
392 530 529 531 4 
393 35 137 532 462 
394 137 37 533 532 
395 532 533 19 534 
396 462 532 534 38 
397 44 62 535 536 
398 62 36 461 535 
399 535 461 20 537 
400 536 535 537 46 
401 45 252 538 539 
402 252 44 536 538 
403 538 536 46 540 
404 539 538 540 28 
405 51 140 541 466 
406 140 53 542 541 
407 541 542 35 543 
408 466 541 543 54 
409 60 78 544 545 
410 78 52 465 544 
411 544 465 36 546 
412 545 544 546 62 
413 61 255 547 548 
414 255 60 545 547 
415 547 545 62 549 
416 548 547 549 44 
417 68 86 550 551 
418 86 67 469 550 
419 550 469 70 552 
420 551 550 552 52 
421 76 114 553 554 
422 114 68 551 553 
423 553 551 52 555 
424 554 553 555 78 
425 77 258 556 557 
426 258 76 554 556 
427 556 554 78 558 
428 557 556 558 60 
429 69 371 559 470 
430 371 138 560 559 
431 559 560 140 561 
432 470 559 561 51 
433 85 367 562 563 
434 367 141 473 562 
435 562 473 143 564 
436 563 562 564 67 
437 165 333 565 329 
438 333 91 191 565 
439 565 191 167 566 
440 329 565 566 187 
441 91 337 567 568 
442 337 174 348 567 
443 567 348 190 569 
444 568 567 569 191 
445 155 359 570 349 
446 359 186 571 570 
447 570 571 344 572 
448 349 570 572 192 
449 364 393 573 574 
450 393 366 477 573 
451 573 477 141 575 
452 574 573 575 367 
453 142 413 576 474 
454 413 368 577 576 
455 576 577 371 578 
456 474 576 578 69 
457 372 417 579 478 
458 417 374 580 579 
459 579 580 142 581 
460 478 579 581 375 
461 439 583 582 500 
462 583 449 584 582 
463 582 584 441 453 
464 500 582 453 385 
465 385 586 585 504 
466 586 453 587 585 
467 585 587 452 515 
468 504 585 515 447 
469 83 146 588 589 
470 146 85 563 588 
471 588 563 67 590 
472 589 588 590 86 
473 84 118 591 592 
474 118 83 589 591 
475 591 589 86 593 
476 592 591 593 68 
477 112 158 594 595 
478 158 84 592 594 
479 594 592 68 596 
480 595 594 596 114 
481 113 261 597 598 
482 261 112 595 597 
483 597 595 114 599 
484 598 597 599 76 
