2 0.000000 100.000000 747.808936
491 385 
1 -50.000000 0.000000 -50.091361 99.751700 -0.000000 6.976566 0.000093 
2 52.000000 0.000000 -50.091361 99.752957 -0.000000 6.950098 0.000104 
3 52.000000 0.000000 50.148507 99.763209 0.000000 6.941921 -0.000089 
4 -50.000000 0.000000 50.148507 99.761590 -0.000000 6.976530 -0.000105 
5 1.000000 0.000000 0.028573 106.219044 0.000751 -1.188713 -0.128390 
6 -50.000000 0.000000 0.028573 99.756518 0.000000 6.982582 -0.000012 
7 1.000000 0.000000 -50.091361 99.743259 -0.000000 6.962228 0.000281 
8 52.000000 0.000000 0.028573 99.914308 -0.000000 4.698989 -0.000495 
9 1.000000 0.000000 50.148507 99.771798 -0.000000 6.960409 -0.000286 
10 26.500000 0.000000 -25.031394 99.742611 -0.000000 6.875430 0.000414 
11 1.000000 0.000000 -25.031394 99.705038 -0.000000 6.922364 0.001099 
12 26.500000 0.000000 -50.091361 99.747731 -0.000000 6.952129 0.000206 
13 52.000000 0.000000 -25.031394 99.757030 -0.000000 6.885701 0.000112 
14 26.500000 0.000000 0.028573 99.988476 -0.000000 3.563866 -0.001040 
15 -24.500000 0.000000 -25.031394 99.737343 0.000000 6.978903 0.000376 
16 -50.000000 0.000000 -25.031394 99.751677 0.000000 6.979717 0.000089 
17 -24.500000 0.000000 -50.091361 99.746812 -0.000000 6.973098 0.000195 
18 -24.500000 0.000000 0.028573 99.755427 0.000000 7.003591 -0.000020 
19 26.500000 0.000000 25.088540 99.782856 0.000000 6.844751 -0.000347 
20 1.000000 0.000000 25.088540 99.817611 0.000000 6.915826 -0.001138 
21 52.000000 0.000000 25.088540 99.770852 0.000000 6.824800 -0.000080 
22 26.500000 0.000000 50.148507 99.768005 -0.000000 6.947422 -0.000192 
23 13.750000 0.000000 -12.501411 99.701027 -0.000000 6.604739 0.001608 
24 1.000000 0.000000 -12.501411 99.563985 -0.000000 6.773127 0.004114 
25 13.750000 0.000000 -25.031394 99.722353 -0.000000 6.883587 0.000807 
26 26.500000 0.000000 -12.501411 99.757084 -0.000000 6.638284 0.000446 
27 13.750000 0.000000 0.028573 100.007659 -0.000000 2.899511 -0.000994 
28 -24.500000 0.000000 25.088540 99.777037 -0.000000 6.979538 -0.000417 
29 -50.000000 0.000000 25.088540 99.761556 -0.000000 6.979830 -0.000109 
30 -24.500000 0.000000 50.148507 99.767123 -0.000000 6.972788 -0.000210 
31 -11.750000 0.000000 -12.501411 99.679252 -0.000000 6.985694 0.001525 
32 -24.500000 0.000000 -12.501411 99.736607 -0.000000 6.991388 0.000373 
33 -11.750000 0.000000 -25.031394 99.718220 0.000000 6.964708 0.000777 
34 -11.750000 0.000000 0.028573 99.742475 -0.000000 7.088010 0.000120 
35 13.750000 0.000000 12.558556 99.854195 0.000000 6.504645 -0.001317 
36 1.000000 0.000000 12.558556 99.992542 0.000000 6.751348 -0.004409 
37 26.500000 0.000000 12.558556 99.807881 0.000000 6.445800 -0.000316 
38 13.750000 0.000000 25.088540 99.801937 0.000000 6.865362 -0.000756 
39 7.375000 0.000000 -6.236419 99.530630 -0.000000 5.816570 0.005982 
40 1.000000 0.000000 -6.236419 99.128523 -0.000000 6.333199 0.013343 
41 7.375000 0.000000 -12.501411 99.627210 -0.000000 6.636902 0.003037 
42 13.750000 0.000000 -6.236419 99.740368 -0.000000 5.899401 0.001706 
43 7.375000 0.000000 0.028573 99.894979 -0.000000 2.467847 0.001490 
44 -11.750000 0.000000 12.558556 99.837329 0.000000 6.994106 -0.001641 
45 -24.500000 0.000000 12.558556 99.776374 -0.000000 6.993034 -0.000423 
46 -11.750000 0.000000 25.088540 99.799231 0.000000 6.964846 -0.000840 
47 -5.375000 0.000000 -6.236419 99.453813 -0.000000 6.997729 0.005997 
48 -11.750000 0.000000 -6.236419 99.672092 -0.000000 7.034350 0.001599 
49 -5.375000 0.000000 -12.501411 99.608227 -0.000000 6.928668 0.003019 
50 -5.375000 0.000000 0.028573 99.650713 -0.000000 7.413192 0.001478 
51 7.375000 0.000000 6.293564 100.071686 0.000000 5.595096 -0.004565 
52 1.000000 0.000000 6.293564 100.582545 0.000000 6.286010 -0.015636 
53 13.750000 0.000000 6.293564 99.907255 0.000000 5.511985 -0.001184 
54 7.375000 0.000000 12.558556 99.928046 0.000000 6.570938 -0.002879 
55 4.187500 0.000000 -3.103923 99.021085 -0.000000 4.500410 0.017457 
56 1.000000 0.000000 -3.103923 98.151276 -0.000000 5.503238 0.033604 
57 4.187500 0.000000 -6.236419 99.312158 -0.000000 5.944954 0.010175 
58 7.375000 0.000000 -3.103923 99.586582 -0.000000 4.528911 0.006200 
59 4.187500 0.000000 0.028573 99.456548 -0.000000 1.641271 0.010570 
60 -5.375000 0.000000 6.293564 100.061229 0.000000 7.069322 -0.006222 
61 -11.750000 0.000000 6.293564 99.830654 0.000000 7.049755 -0.001586 
62 -5.375000 0.000000 12.558556 99.924400 0.000000 6.939053 -0.003304 
63 -2.187500 0.000000 -3.103923 98.730060 -0.000000 7.003769 0.020332 
64 -5.375000 0.000000 -3.103923 99.407536 -0.000000 7.177105 0.006663 
65 -2.187500 0.000000 -6.236419 99.230160 -0.000000 6.789101 0.010728 
66 -2.187500 0.000000 0.028573 99.202546 -0.000000 8.608876 0.008474 
67 4.187500 0.000000 3.161069 100.591655 0.000000 4.014659 -0.013480 
68 1.000000 0.000000 3.161069 102.161746 0.000000 5.364046 -0.046580 
69 7.375000 0.000000 3.161069 100.084751 0.000000 4.143039 -0.003412 
70 4.187500 0.000000 6.293564 100.334805 0.000000 5.752098 -0.010016 
71 2.593750 0.000000 -1.537675 97.902093 -0.000000 3.267692 0.040450 
72 1.000000 0.000000 -1.537675 96.972883 -0.000000 4.564986 0.057542 
73 2.593750 0.000000 -3.103923 98.516818 -0.000000 4.785207 0.027154 
74 4.187500 0.000000 -1.537675 98.979294 -0.000000 3.080343 0.019361 
75 2.593750 0.000000 0.028573 89.364167 0.001980 -4.592849 0.199295 
76 -2.187500 0.000000 3.161069 100.791316 0.000000 7.428006 -0.021406 
77 -5.375000 0.000000 3.161069 100.011051 0.000000 7.291377 -0.005537 
78 -2.187500 0.000000 6.293564 100.374253 0.000000 6.883722 -0.012238 
79 -0.593750 0.000000 -1.537675 96.962000 -0.000000 6.766088 0.055259 
80 -2.187500 0.000000 -1.537675 98.479203 -0.000000 7.612279 0.024390 
81 -0.593750 0.000000 -3.103923 98.228131 -0.000000 6.418573 0.031004 
82 -0.593750 0.000000 0.028573 82.668482 -0.000999 17.523174 0.285886 
83 2.593750 0.000000 1.594821 101.617999 0.000000 1.711269 -0.032915 
84 1.000000 0.000000 1.594821 105.263552 0.000000 3.857376 -0.109529 
85 4.187500 0.000000 1.594821 100.302259 0.000000 2.520047 -0.006689 
86 2.593750 0.000000 3.161069 101.372075 0.000000 4.195083 -0.029390 
87 1.796875 0.000000 -0.754551 94.183799 0.001638 -3.338211 0.111827 
88 1.000000 0.000000 -0.754551 97.365280 -0.000460 4.737273 0.049756 
89 1.796875 0.000000 -1.537675 97.335753 -0.000000 3.836208 0.051103 
90 2.593750 0.000000 -0.754551 97.488018 -0.000000 1.927512 0.049237 
91 1.796875 0.000000 0.028573 99.387613 0.001813 -8.031499 0.005760 
92 39.250000 0.000000 -12.501411 99.768504 -0.000000 6.677747 0.000165 
93 39.250000 0.000000 -25.031394 99.752689 -0.000000 6.879571 0.000207 
94 52.000000 0.000000 -12.501411 99.770787 -0.000000 6.710016 0.000077 
95 39.250000 0.000000 0.028573 99.949739 -0.000000 4.175002 -0.000738 
96 20.125000 0.000000 -6.236419 99.788097 -0.000000 6.005287 0.000627 
97 20.125000 0.000000 -12.501411 99.739778 -0.000000 6.617222 0.000819 
98 26.500000 0.000000 -6.236419 99.800453 -0.000000 6.094825 0.000272 
99 20.125000 0.000000 0.028573 100.005003 -0.000000 3.234913 -0.001147 
100 10.562500 0.000000 -3.103923 99.766914 -0.000000 4.694024 0.002453 
101 10.562500 0.000000 -6.236419 99.674664 -0.000000 5.847415 0.003077 
102 13.750000 0.000000 -3.103923 99.831461 -0.000000 4.852448 0.001013 
103 10.562500 0.000000 0.028573 99.986195 -0.000000 2.707235 -0.000457 
104 5.781250 0.000000 -1.537675 99.479945 -0.000000 3.275501 0.009301 
105 5.781250 0.000000 -3.103923 99.376624 -0.000000 4.464957 0.010435 
106 7.375000 0.000000 -1.537675 99.707288 -0.000000 3.459083 0.004649 
107 5.781250 0.000000 0.028573 99.758482 -0.000000 2.213493 0.004335 
108 3.390625 0.000000 -0.754551 98.567647 -0.000000 1.967111 0.028055 
109 3.390625 0.000000 -1.537675 98.520166 -0.000000 3.054018 0.028445 
110 4.187500 0.000000 -0.754551 99.118956 -0.000000 2.230081 0.017046 
111 3.390625 0.000000 0.028573 99.092807 -0.000000 1.017340 0.017958 
112 -0.593750 0.000000 1.594821 102.987811 0.000000 8.677325 -0.068179 
113 -2.187500 0.000000 1.594821 100.566184 0.000000 8.266387 -0.018189 
114 -0.593750 0.000000 3.161069 101.742908 0.000000 6.900652 -0.039924 
115 1.796875 0.000000 0.811697 95.614820 0.002161 -6.674320 0.081326 
116 1.000000 0.000000 0.811697 117.335648 0.002047 -6.474264 -0.380957 
117 2.593750 0.000000 0.811697 100.667717 0.000000 -0.183608 -0.013402 
118 1.796875 0.000000 1.594821 103.402724 0.000000 1.898499 -0.069573 
119 2.195312 0.000000 -0.362989 93.500339 0.001706 -3.632891 0.124449 
120 1.796875 0.000000 -0.362989 96.423718 0.001623 -3.479333 0.069036 
121 2.195312 0.000000 -0.754551 87.661128 0.001910 -2.409691 0.230972 
122 2.593750 0.000000 -0.362989 89.410140 0.001977 -4.533069 0.198528 
123 2.195312 0.000000 0.028573 94.337244 0.001832 -4.418813 0.108096 
124 0.203125 0.000000 -0.754551 82.879059 -0.001089 11.088903 0.300810 
125 -0.593750 0.000000 -0.754551 95.538589 -0.000000 8.006697 0.080827 
126 0.203125 0.000000 -1.537675 96.668400 -0.000000 5.525409 0.062469 
127 0.203125 0.000000 0.028573 100.920885 -0.000432 14.363577 -0.039134 
128 1.398438 0.000000 -0.362989 99.439598 0.001437 -3.031574 0.010258 
129 1.000000 0.000000 -0.362989 105.319352 0.000677 -1.017308 -0.109320 
130 1.398438 0.000000 -0.754551 99.672946 0.000764 1.815590 0.006201 
131 1.398438 0.000000 0.028573 101.929609 0.001501 -3.264986 -0.040031 
132 39.250000 0.000000 12.558556 99.802988 0.000000 6.374917 -0.000128 
133 52.000000 0.000000 12.558556 99.806742 0.000000 6.282192 -0.000085 
134 39.250000 0.000000 25.088540 99.774122 0.000000 6.834515 -0.000159 
135 20.125000 0.000000 6.293564 99.881543 0.000000 5.402160 -0.000551 
136 26.500000 0.000000 6.293564 99.882461 0.000000 5.257980 -0.000415 
137 20.125000 0.000000 12.558556 99.820666 0.000000 6.474184 -0.000608 
138 10.562500 0.000000 3.161069 99.994021 0.000000 4.147558 -0.001601 
139 13.750000 0.000000 3.161069 99.971906 0.000000 4.089524 -0.001111 
140 10.562500 0.000000 6.293564 99.954941 0.000000 5.551194 -0.002181 
141 5.781250 0.000000 1.594821 100.068559 0.000000 2.954178 -0.002244 
142 7.375000 0.000000 1.594821 100.019237 0.000000 3.123110 -0.001360 
143 5.781250 0.000000 3.161069 100.232496 0.000000 4.082175 -0.006322 
144 3.390625 0.000000 0.811697 100.035733 0.000000 1.188637 -0.000856 
145 4.187500 0.000000 0.811697 99.916769 0.000000 1.858194 0.001319 
146 3.390625 0.000000 1.594821 100.701817 0.000000 2.128295 -0.014539 
147 2.195312 0.000000 0.420135 94.673135 0.001962 -5.307072 0.100883 
148 1.796875 0.000000 0.420135 97.740005 0.001800 -4.649447 0.042527 
149 2.593750 0.000000 0.420135 88.682018 0.002199 -6.573289 0.209229 
150 2.195312 0.000000 0.811697 88.417522 0.002167 -9.561282 0.209092 
151 1.996094 0.000000 -0.167208 95.653596 0.001762 -4.091126 0.083365 
152 1.796875 0.000000 -0.167208 96.398174 0.001647 -3.641567 0.069413 
153 1.996094 0.000000 -0.362989 94.941249 0.001686 -3.614717 0.097309 
154 2.195312 0.000000 -0.167208 94.351873 0.001820 -4.304743 0.107919 
155 1.996094 0.000000 0.028573 84.946034 0.001833 -4.538735 0.276357 
156 0.203125 0.000000 0.811697 95.360196 -0.000383 27.372189 0.015720 
157 -0.593750 0.000000 0.811697 102.615168 0.000000 11.698716 -0.066673 
158 0.203125 0.000000 1.594821 105.082163 0.000000 7.023045 -0.109158 
159 1.398438 0.000000 0.420135 100.180220 0.001550 -3.764812 -0.005025 
160 1.000000 0.000000 0.420135 108.100952 0.000885 -0.076043 -0.168582 
161 1.398438 0.000000 0.811697 109.302526 0.002490 -10.089674 -0.204884 
162 1.597656 0.000000 -0.167208 97.902890 0.001371 -2.343008 0.040953 
163 1.398438 0.000000 -0.167208 99.115314 0.001098 -1.166281 0.017479 
164 1.597656 0.000000 -0.362989 97.937147 0.001596 -3.512626 0.039598 
165 1.597656 0.000000 0.028573 100.511046 0.001649 -4.276487 -0.012076 
166 1.996094 0.000000 0.224354 95.904442 0.001792 -4.397309 0.078300 
167 1.796875 0.000000 0.224354 97.473783 0.001708 -4.191903 0.048129 
168 2.195312 0.000000 0.224354 94.526907 0.001838 -4.522770 0.104421 
169 1.996094 0.000000 0.420135 96.166946 0.001895 -4.998742 0.072693 
170 1.896484 0.000000 -0.069318 95.511274 0.001567 -1.377380 0.087570 
171 1.796875 0.000000 -0.069318 96.720054 0.001304 -1.054683 0.064412 
172 1.896484 0.000000 -0.167208 95.965279 0.001748 -4.053226 0.077424 
173 1.996094 0.000000 -0.069318 95.626832 0.001772 -4.171651 0.083811 
174 1.896484 0.000000 0.028573 95.263670 0.001961 -6.283929 0.088535 
175 2.992188 0.000000 -0.362989 98.260698 -0.000000 1.120041 0.034358 
176 2.992188 0.000000 -0.754551 98.111811 -0.000000 1.876677 0.037055 
177 3.390625 0.000000 -0.362989 98.750985 -0.000000 1.408723 0.024626 
178 2.992188 0.000000 0.028573 98.726580 -0.000000 0.485805 0.025283 
179 2.394531 0.000000 -0.167208 93.073457 0.001848 -4.460089 0.131744 
180 2.394531 0.000000 -0.362989 91.583078 0.001878 -4.492253 0.159236 
181 2.593750 0.000000 -0.167208 89.367662 0.001979 -4.558432 0.199264 
182 2.394531 0.000000 0.028573 93.063473 0.001855 -4.533172 0.131864 
183 2.095703 0.000000 -0.069318 94.442403 0.001821 -4.349868 0.106171 
184 2.095703 0.000000 -0.167208 94.472473 0.001814 -4.284388 0.105660 
185 2.195312 0.000000 -0.069318 94.317518 0.001826 -4.359989 0.108520 
186 2.095703 0.000000 0.028573 94.468472 0.001828 -4.420794 0.105616 
187 1.597656 0.000000 0.224354 100.222821 0.001840 -5.099745 -0.007062 
188 1.398438 0.000000 0.224354 102.832860 0.001847 -5.238454 -0.060204 
189 1.597656 0.000000 0.420135 98.523903 0.001694 -4.222333 0.027521 
190 1.896484 0.000000 0.126463 96.111461 0.001779 -4.336918 0.074378 
191 1.796875 0.000000 0.126463 98.431695 0.001862 -6.326994 0.027117 
192 1.996094 0.000000 0.126463 95.762232 0.001788 -4.335554 0.081080 
193 1.896484 0.000000 0.224354 96.238151 0.001786 -4.408730 0.071878 
194 1.946289 0.000000 -0.020373 92.464755 0.002562 -2.319964 0.144489 
195 1.896484 0.000000 -0.020373 94.481341 0.001935 -2.994629 0.106431 
196 1.946289 0.000000 -0.069318 95.782674 0.001766 -4.159572 0.080838 
197 1.996094 0.000000 -0.020373 84.100320 0.001938 -3.540515 0.291460 
198 1.946289 0.000000 0.028573 93.780572 0.002163 -7.726179 0.114551 
199 0.601562 0.000000 -0.362989 97.950775 -0.000291 7.374680 0.035126 
200 0.203125 0.000000 -0.362989 93.418569 -0.000679 10.308882 0.116670 
201 0.601562 0.000000 -0.754551 96.023767 -0.000893 -2.441646 0.077347 
202 0.601562 0.000000 0.028573 102.752881 -0.000097 5.591274 -0.058942 
203 1.199219 0.000000 -0.167208 100.373318 0.000929 -0.868514 -0.007556 
204 1.000000 0.000000 -0.167208 103.802624 0.000456 0.268557 -0.077506 
205 1.199219 0.000000 -0.362989 101.617482 0.001138 -2.333576 -0.033156 
206 1.199219 0.000000 0.028573 103.317777 0.001252 -2.317596 -0.067993 
207 1.498047 0.000000 -0.069318 99.012561 0.001012 -0.061560 0.019651 
208 1.398438 0.000000 -0.069318 99.851586 0.001140 -1.252269 0.002809 
209 1.498047 0.000000 -0.167208 98.926562 0.001297 -2.004632 0.020952 
210 1.597656 0.000000 -0.069318 98.796433 0.001245 -1.621922 0.023663 
211 1.498047 0.000000 0.028573 101.727700 0.001761 -4.570067 -0.036941 
212 0.601562 0.000000 0.420135 99.905380 -0.000166 8.176466 -0.004794 
213 0.203125 0.000000 0.420135 96.606965 -0.000466 11.696669 0.053028 
214 0.601562 0.000000 0.811697 122.714527 0.000723 10.731145 -0.517401 
215 0.800781 0.000000 -0.167208 99.643764 -0.000041 4.858483 0.004752 
216 0.601562 0.000000 -0.167208 98.659439 -0.000286 5.557807 0.023543 
217 0.800781 0.000000 -0.362989 103.261488 0.000031 2.385257 -0.066862 
218 0.800781 0.000000 0.028573 102.998958 0.000189 3.706605 -0.062252 
219 -37.250000 0.000000 -12.501411 99.749570 -0.000000 6.985207 0.000123 
220 -50.000000 0.000000 -12.501411 99.753421 0.000000 6.981653 0.000051 
221 -37.250000 0.000000 -25.031394 99.747262 -0.000000 6.980514 0.000176 
222 -37.250000 0.000000 0.028573 99.756390 0.000000 6.988011 -0.000017 
223 -18.125000 0.000000 -6.236419 99.726452 0.000000 7.012886 0.000545 
224 -24.500000 0.000000 -6.236419 99.743161 0.000000 6.999383 0.000231 
225 -18.125000 0.000000 -12.501411 99.718551 -0.000000 6.993825 0.000730 
226 -18.125000 0.000000 0.028573 99.753067 -0.000000 7.025479 -0.000003 
227 -8.562500 0.000000 -3.103923 99.616449 -0.000000 7.129834 0.002573 
228 -11.750000 0.000000 -3.103923 99.695040 -0.000000 7.067785 0.001095 
229 -8.562500 0.000000 -6.236419 99.599752 -0.000000 7.039408 0.003034 
230 -8.562500 0.000000 0.028573 99.721020 -0.000000 7.184013 0.000411 
231 -3.781250 0.000000 -1.537675 99.201600 -0.000000 7.465414 0.010331 
232 -5.375000 0.000000 -1.537675 99.478210 -0.000000 7.314664 0.005058 
233 -3.781250 0.000000 -3.103923 99.155947 -0.000000 7.171041 0.011667 
234 -3.781250 0.000000 0.028573 99.541144 -0.000000 7.734781 0.003173 
235 -1.390625 0.000000 -0.754551 97.673040 -0.000000 8.477956 0.038810 
236 -2.187500 0.000000 -0.754551 98.638009 -0.000000 8.143518 0.020423 
237 -1.390625 0.000000 -1.537675 97.785914 -0.000000 7.468565 0.038214 
238 -1.390625 0.000000 0.028573 98.665993 -0.000000 9.758300 0.016980 
239 -0.195312 0.000000 -0.362989 87.433254 -0.000918 13.420534 0.217532 
240 -0.593750 0.000000 -0.362989 75.658954 -0.001136 18.884851 0.391909 
241 -0.195312 0.000000 -0.754551 72.510060 -0.001287 11.728121 0.460474 
242 -0.195312 0.000000 0.028573 89.462422 -0.000813 14.355433 0.179040 
243 0.402344 0.000000 -0.167208 97.089299 -0.000507 5.822648 0.053976 
244 0.203125 0.000000 -0.167208 94.452575 -0.000681 6.529010 0.103608 
245 0.402344 0.000000 -0.362989 95.961454 -0.000502 8.799249 0.071397 
246 0.402344 0.000000 0.028573 102.730947 -0.000270 8.824220 -0.063151 
247 -37.250000 0.000000 12.558556 99.763526 -0.000000 6.985587 -0.000156 
248 -50.000000 0.000000 12.558556 99.759687 -0.000000 6.981764 -0.000074 
249 -37.250000 0.000000 25.088540 99.766244 -0.000000 6.980803 -0.000204 
250 -18.125000 0.000000 6.293564 99.782609 -0.000000 7.016856 -0.000581 
251 -24.500000 0.000000 6.293564 99.768423 -0.000000 7.000709 -0.000275 
252 -18.125000 0.000000 12.558556 99.794756 -0.000000 6.997606 -0.000796 
253 -8.562500 0.000000 3.161069 99.847978 0.000000 7.164798 -0.002095 
254 -11.750000 0.000000 3.161069 99.795909 -0.000000 7.079537 -0.000934 
255 -8.562500 0.000000 6.293564 99.899991 -0.000000 7.072880 -0.003003 
256 -3.781250 0.000000 1.594821 100.011778 0.000000 7.679073 -0.006132 
257 -5.375000 0.000000 1.594821 99.862514 -0.000000 7.399473 -0.002727 
258 -3.781250 0.000000 3.161069 100.253121 0.000000 7.398400 -0.010542 
259 -1.390625 0.000000 0.811697 100.478083 0.000000 9.704002 -0.019001 
260 -2.187500 0.000000 0.811697 99.992747 0.000000 8.639493 -0.007319 
261 -1.390625 0.000000 1.594821 101.363038 0.000000 8.664506 -0.034954 
262 -0.195312 0.000000 0.420135 90.940417 -0.000753 15.742648 0.148201 
263 -0.593750 0.000000 0.420135 74.486615 -0.001051 25.816369 0.378526 
264 -0.195312 0.000000 0.811697 92.468402 -0.000444 44.936745 -0.056972 
265 0.003906 0.000000 -0.167208 91.687597 -0.000724 11.872187 0.145244 
266 -0.195312 0.000000 -0.167208 89.136366 -0.000831 13.559500 0.187085 
267 0.003906 0.000000 -0.362989 90.529650 -0.000814 11.882916 0.166318 
268 0.003906 0.000000 0.028573 65.225617 -0.000822 56.013369 0.260812 
269 0.402344 0.000000 0.224354 104.492451 -0.000156 9.976219 -0.101820 
270 0.203125 0.000000 0.224354 96.051051 -0.000499 11.404313 0.064414 
271 0.601562 0.000000 0.224354 105.062587 0.000102 6.276584 -0.107754 
272 0.402344 0.000000 0.420135 98.808294 -0.000260 9.481841 0.014702 
273 0.302734 0.000000 -0.069318 95.998263 -0.000761 2.687633 0.077711 
274 0.203125 0.000000 -0.069318 94.487613 -0.000991 -3.476696 0.106000 
275 0.302734 0.000000 -0.167208 95.723193 -0.000619 7.035595 0.078757 
276 0.402344 0.000000 -0.069318 97.337054 -0.000528 5.405989 0.049627 
277 0.302734 0.000000 0.028573 100.279550 -0.000467 9.633412 -0.014879 
278 0.003906 0.000000 0.224354 93.175657 -0.000662 13.327340 0.114068 
279 -0.195312 0.000000 0.224354 90.357037 -0.000784 14.862840 0.161470 
280 0.003906 0.000000 0.420135 93.925122 -0.000629 13.788049 0.098796 
281 0.103516 0.000000 -0.069318 89.012215 -0.001361 -10.786761 0.196047 
282 0.003906 0.000000 -0.069318 84.627416 -0.001123 -0.228100 0.283815 
283 0.103516 0.000000 -0.167208 92.504686 -0.000706 11.470733 0.131131 
284 0.103516 0.000000 0.028573 101.334362 -0.000506 21.618842 -0.073603 
285 -0.992188 0.000000 -0.362989 96.953648 -0.000000 9.683406 0.050622 
286 -1.390625 0.000000 -0.362989 97.973270 -0.000000 9.172637 0.031710 
287 -0.992188 0.000000 -0.754551 96.792086 -0.000000 8.472479 0.055951 
288 -0.992188 0.000000 0.028573 98.022197 -0.000000 10.902537 0.027278 
289 -0.394531 0.000000 -0.167208 86.438716 -0.000916 15.213816 0.229689 
290 -0.593750 0.000000 -0.167208 77.820621 -0.001128 16.334453 0.367714 
291 -0.394531 0.000000 -0.362989 83.610130 -0.001014 14.796097 0.279042 
292 -0.394531 0.000000 0.028573 86.686678 -0.000903 15.826767 0.223493 
293 -0.095703 0.000000 -0.069318 89.932980 -0.000811 13.308797 0.173493 
294 -0.195312 0.000000 -0.069318 89.209790 -0.000824 13.964256 0.184661 
295 -0.095703 0.000000 -0.167208 89.466615 -0.000827 13.312921 0.181849 
296 -0.095703 0.000000 0.028573 91.213609 -0.000718 13.458990 0.149893 
297 0.103516 0.000000 0.126463 105.321442 -0.000412 23.266906 -0.163395 
298 0.003906 0.000000 0.126463 92.643821 -0.000682 13.126242 0.124482 
299 0.203125 0.000000 0.126463 109.569320 -0.000248 18.590691 -0.235105 
300 0.103516 0.000000 0.224354 94.080896 -0.000639 12.972794 0.098049 
301 0.053711 0.000000 -0.020373 81.756488 -0.001381 -8.913513 0.323643 
302 0.003906 0.000000 -0.020373 37.860750 -0.001686 -10.869575 0.844842 
303 0.053711 0.000000 -0.069318 82.696629 -0.001353 -8.211299 0.309384 
304 0.103516 0.000000 -0.020373 91.108193 -0.000982 2.244465 0.169426 
305 0.053711 0.000000 0.028573 101.716060 -0.000451 38.217823 -0.180676 
306 -0.992188 0.000000 0.420135 99.747373 -0.000000 11.219073 -0.007541 
307 -1.390625 0.000000 0.420135 99.610510 -0.000000 9.952615 -0.002131 
308 -0.992188 0.000000 0.811697 101.133692 0.000000 10.567464 -0.033969 
309 -0.394531 0.000000 0.224354 87.322314 -0.000884 16.267692 0.211018 
310 -0.593750 0.000000 0.224354 81.768952 -0.000973 20.615748 0.288883 
311 -0.394531 0.000000 0.420135 87.356435 -0.000859 17.897545 0.204853 
312 -0.095703 0.000000 0.126463 91.682592 -0.000700 13.789540 0.140415 
313 -0.195312 0.000000 0.126463 89.867521 -0.000799 14.668515 0.170866 
314 -0.095703 0.000000 0.224354 92.235024 -0.000681 13.975259 0.129739 
315 0.053711 0.000000 0.077518 102.993361 -0.000431 36.581335 -0.194583 
316 0.003906 0.000000 0.077518 96.460780 -0.000567 30.099220 -0.021065 
317 0.103516 0.000000 0.077518 117.774196 -0.000158 39.340858 -0.541846 
318 0.053711 0.000000 0.126463 99.925369 -0.000530 20.499580 -0.040531 
319 0.302734 0.000000 0.126463 117.473899 -0.000004 15.490301 -0.404007 
320 0.402344 0.000000 0.126463 106.207894 -0.000126 10.046009 -0.138104 
321 0.302734 0.000000 0.224354 101.615556 -0.000359 11.918769 -0.046778 
322 0.800781 0.000000 0.224354 104.841666 0.000395 3.489966 -0.100395 
323 1.000000 0.000000 0.224354 108.809353 0.001080 -2.225373 -0.184443 
324 0.800781 0.000000 0.420135 109.417921 0.000499 3.940050 -0.198781 
325 1.199219 0.000000 0.224354 104.746624 0.001601 -4.017924 -0.098800 
326 1.199219 0.000000 0.420135 104.364206 0.001259 -2.899754 -0.090030 
327 1.498047 0.000000 0.126463 102.696722 0.002033 -6.233160 -0.058547 
328 1.398438 0.000000 0.126463 103.042391 0.001791 -5.043289 -0.064317 
329 1.597656 0.000000 0.126463 101.409145 0.002033 -6.805251 -0.033013 
330 1.498047 0.000000 0.224354 100.803104 0.001780 -4.980057 -0.018607 
331 1.697266 0.000000 -0.069318 97.825020 0.001292 -1.410536 0.042828 
332 1.697266 0.000000 -0.167208 97.601961 0.001639 -3.732499 0.045993 
333 1.697266 0.000000 0.028573 99.483602 0.001680 -4.955565 0.007846 
334 1.846680 0.000000 -0.020373 96.595004 0.001419 -2.125859 0.066489 
335 1.796875 0.000000 -0.020373 96.965949 0.001171 -0.089330 0.059760 
336 1.846680 0.000000 -0.069318 95.651851 0.001311 0.142464 0.085070 
337 1.846680 0.000000 0.028573 97.771452 0.001641 -6.766581 0.039496 
338 2.992188 0.000000 0.420135 99.476046 0.000000 0.307829 0.010442 
339 3.390625 0.000000 0.420135 99.557135 0.000000 0.951103 0.008747 
340 2.992188 0.000000 0.811697 100.220963 0.000000 0.629762 -0.004464 
341 2.394531 0.000000 0.224354 93.178751 0.001858 -4.604207 0.129652 
342 2.593750 0.000000 0.224354 89.405560 0.001980 -4.627918 0.198523 
343 2.394531 0.000000 0.420135 91.712701 0.001887 -4.707004 0.156662 
344 2.095703 0.000000 0.126463 94.550398 0.001833 -4.488181 0.104008 
345 2.195312 0.000000 0.126463 94.411497 0.001836 -4.474930 0.106644 
346 2.095703 0.000000 0.224354 94.672058 0.001836 -4.544195 0.101655 
347 1.946289 0.000000 0.077518 95.868871 0.001780 -4.296527 0.079070 
348 1.896484 0.000000 0.077518 97.053096 0.001830 -7.573347 0.052334 
349 1.996094 0.000000 0.077518 95.705928 0.001785 -4.297926 0.082190 
350 1.946289 0.000000 0.126463 95.924281 0.001784 -4.337378 0.077972 
351 1.921387 0.000000 0.004100 93.133029 0.002285 -4.818001 0.130303 
352 1.896484 0.000000 0.004100 94.738160 0.001958 -4.512430 0.100432 
353 1.921387 0.000000 -0.020373 93.374024 0.002318 -2.580800 0.127463 
354 1.946289 0.000000 0.004100 88.552283 0.002333 -4.720460 0.213621 
355 1.921387 0.000000 0.028573 94.089097 0.002042 -6.559707 0.110421 
356 2.045898 0.000000 -0.020373 95.506323 0.001781 -4.220837 0.086073 
357 2.045898 0.000000 -0.069318 95.499457 0.001777 -4.181442 0.086237 
358 2.095703 0.000000 -0.020373 94.448018 0.001825 -4.385189 0.106034 
359 2.045898 0.000000 0.028573 95.530707 0.001785 -4.259913 0.085574 
360 1.971191 0.000000 0.004100 82.400221 0.002014 -4.676105 0.318834 
361 1.971191 0.000000 -0.020373 85.417770 0.002184 -3.388730 0.269232 
362 1.996094 0.000000 0.004100 81.944671 0.001878 -4.312829 0.326647 
363 1.971191 0.000000 0.028573 86.418086 0.002046 -5.040216 0.250651 
364 8.968750 0.000000 1.594821 100.009947 0.000000 3.177669 -0.001209 
365 8.968750 0.000000 0.028573 99.959174 -0.000000 2.613693 0.000133 
366 10.562500 0.000000 1.594821 100.010636 0.000000 3.167342 -0.001216 
367 8.968750 0.000000 3.161069 100.021097 0.000000 4.163888 -0.002156 
368 6.578125 0.000000 0.811697 99.945782 0.000000 2.572926 0.000422 
369 5.781250 0.000000 0.811697 99.924048 0.000000 2.442544 0.000922 
370 6.578125 0.000000 0.028573 99.836287 -0.000000 2.360962 0.002714 
371 7.375000 0.000000 0.811697 99.966931 0.000000 2.653098 -0.000043 
372 6.578125 0.000000 1.594821 100.034277 0.000000 3.059239 -0.001622 
373 4.984375 0.000000 0.811697 99.907646 0.000000 2.210161 0.001358 
374 4.984375 0.000000 0.028573 99.640607 -0.000000 2.004003 0.006773 
375 4.984375 0.000000 1.594821 100.144684 0.000000 2.767112 -0.003661 
376 8.968750 0.000000 -1.537675 99.815471 -0.000000 3.613447 0.002381 
377 8.968750 0.000000 -3.103923 99.704004 -0.000000 4.615416 0.003781 
378 10.562500 0.000000 -1.537675 99.865626 -0.000000 3.729984 0.001294 
379 6.578125 0.000000 -0.754551 99.716456 -0.000000 2.764216 0.004899 
380 5.781250 0.000000 -0.754551 99.599362 -0.000000 2.632841 0.007304 
381 6.578125 0.000000 -1.537675 99.614594 -0.000000 3.371092 0.006557 
382 7.375000 0.000000 -0.754551 99.797842 -0.000000 2.872750 0.003214 
383 6.179688 0.000000 0.420135 99.869704 0.000000 2.337274 0.002058 
384 5.781250 0.000000 0.420135 99.842619 0.000000 2.259779 0.002634 
385 6.179688 0.000000 0.028573 99.800347 0.000000 2.293403 0.003463 
386 6.578125 0.000000 0.420135 99.894018 0.000000 2.400249 0.001542 
387 6.179688 0.000000 0.811697 99.934570 0.000000 2.515458 0.000675 
388 4.984375 0.000000 -0.754551 99.412687 -0.000000 2.443567 0.011115 
389 4.984375 0.000000 -1.537675 99.272169 -0.000000 3.155957 0.013508 
390 5.382812 0.000000 0.420135 99.809466 0.000000 2.140646 0.003349 
391 4.984375 0.000000 0.420135 99.773582 0.000000 2.020245 0.004115 
392 5.382812 0.000000 0.028573 99.703521 -0.000000 2.096717 0.005481 
393 5.382812 0.000000 0.811697 99.921062 0.000000 2.311616 0.001044 
394 6.179688 0.000000 -0.362989 99.729891 -0.000000 2.437501 0.004801 
395 5.781250 0.000000 -0.362989 99.675552 -0.000000 2.360411 0.005921 
396 6.179688 0.000000 -0.754551 99.663521 -0.000000 2.702317 0.005988 
397 6.578125 0.000000 -0.362989 99.775388 -0.000000 2.504360 0.003860 
398 5.980469 0.000000 0.224354 99.818732 0.000000 2.254966 0.003114 
399 5.781250 0.000000 0.224354 99.800707 0.000000 2.213487 0.003492 
400 5.980469 0.000000 0.028573 99.780311 0.000000 2.255199 0.003880 
401 6.179688 0.000000 0.224354 99.835475 0.000000 2.292644 0.002762 
402 5.980469 0.000000 0.420135 99.856536 0.000000 2.300569 0.002338 
403 5.382812 0.000000 -0.362989 99.605477 -0.000000 2.258992 0.007365 
404 4.984375 0.000000 -0.362989 99.517566 -0.000000 2.141653 0.009167 
405 5.382812 0.000000 -0.754551 99.525039 -0.000000 2.584055 0.008809 
406 5.980469 0.000000 -0.167208 99.741841 -0.000000 2.305921 0.004625 
407 5.781250 0.000000 -0.167208 99.716517 -0.000000 2.264681 0.005149 
408 5.980469 0.000000 -0.362989 99.704055 -0.000000 2.400415 0.005334 
409 6.179688 0.000000 -0.167208 99.764905 -0.000000 2.343941 0.004147 
410 8.171875 0.000000 0.811697 99.983624 0.000000 2.701001 -0.000402 
411 8.171875 0.000000 0.028573 99.934214 -0.000000 2.548427 0.000666 
412 8.968750 0.000000 0.811697 99.995811 0.000000 2.729198 -0.000661 
413 8.171875 0.000000 1.594821 100.012679 0.000000 3.159543 -0.001252 
414 6.976562 0.000000 0.420135 99.915798 0.000000 2.451335 0.001082 
415 6.976562 0.000000 0.028573 99.867917 -0.000000 2.418543 0.002055 
416 7.375000 0.000000 0.420135 99.934758 0.000000 2.492421 0.000683 
417 6.976562 0.000000 0.811697 99.956770 0.000000 2.618025 0.000179 
418 6.378906 0.000000 0.224354 99.851130 0.000000 2.326988 0.002434 
419 6.378906 0.000000 0.028573 99.818916 0.000000 2.328548 0.003076 
420 6.578125 0.000000 0.224354 99.865855 0.000000 2.358333 0.002125 
421 6.378906 0.000000 0.420135 99.882183 0.000000 2.370379 0.001793 
422 6.080078 0.000000 0.126463 99.808957 0.000000 2.268232 0.003303 
423 5.980469 0.000000 0.126463 99.799569 0.000000 2.248800 0.003499 
424 6.080078 0.000000 0.028573 99.790532 0.000000 2.274708 0.003668 
425 6.179688 0.000000 0.126463 99.817994 0.000000 2.286816 0.003114 
426 6.080078 0.000000 0.224354 99.827251 0.000000 2.274248 0.002935 
427 8.171875 0.000000 -0.754551 99.852442 -0.000000 2.967334 0.002068 
428 8.171875 0.000000 -1.537675 99.771251 -0.000000 3.539838 0.003317 
429 8.968750 0.000000 -0.754551 99.888257 -0.000000 3.050260 0.001303 
430 6.976562 0.000000 -0.362989 99.814496 -0.000000 2.563606 0.003049 
431 6.976562 0.000000 -0.754551 99.760847 -0.000000 2.820511 0.003982 
432 7.375000 0.000000 -0.362989 99.847487 -0.000000 2.617204 0.002363 
433 6.378906 0.000000 -0.167208 99.786134 -0.000000 2.379151 0.003707 
434 6.378906 0.000000 -0.362989 99.753539 -0.000000 2.472036 0.004312 
435 6.578125 0.000000 -0.167208 99.805880 -0.000000 2.411892 0.003297 
436 6.080078 0.000000 -0.069318 99.772058 -0.000000 2.293917 0.004027 
437 5.980469 0.000000 -0.069318 99.761038 -0.000000 2.274421 0.004256 
438 6.080078 0.000000 -0.167208 99.753628 -0.000000 2.325306 0.004381 
439 6.179688 0.000000 -0.069318 99.782619 -0.000000 2.312631 0.003808 
440 6.279297 0.000000 0.126463 99.826711 0.000000 2.304603 0.002932 
441 6.279297 0.000000 0.028573 99.809796 0.000000 2.311335 0.003266 
442 6.378906 0.000000 0.126463 99.835139 0.000000 2.321639 0.002756 
443 6.279297 0.000000 0.224354 99.843428 0.000000 2.310209 0.002595 
444 6.129883 0.000000 0.077518 99.804516 0.000000 2.279300 0.003386 
445 6.080078 0.000000 0.077518 99.799756 0.000000 2.269875 0.003486 
446 6.129883 0.000000 0.028573 99.795488 0.000000 2.284154 0.003564 
447 6.179688 0.000000 0.077518 99.809186 0.000000 2.288525 0.003289 
448 6.129883 0.000000 0.126463 99.813517 0.000000 2.277627 0.003207 
449 6.279297 0.000000 -0.069318 99.792768 -0.000000 2.330614 0.003597 
450 6.279297 0.000000 -0.167208 99.775724 -0.000000 2.361875 0.003923 
451 6.378906 0.000000 -0.069318 99.802549 0.000000 2.347909 0.003394 
452 6.129883 0.000000 -0.020373 99.786443 0.000000 2.292192 0.003741 
453 6.080078 0.000000 -0.020373 99.781295 -0.000000 2.282737 0.003848 
454 6.129883 0.000000 -0.069318 99.777393 -0.000000 2.303368 0.003917 
455 6.179688 0.000000 -0.020373 99.791487 0.000000 2.301454 0.003636 
456 6.229492 0.000000 0.077518 99.813770 0.000000 2.297555 0.003193 
457 6.229492 0.000000 0.028573 99.805115 0.000000 2.302461 0.003364 
458 6.279297 0.000000 0.077518 99.818273 0.000000 2.306396 0.003099 
459 6.229492 0.000000 0.126463 99.822390 0.000000 2.295806 0.003022 
460 6.154785 0.000000 0.053045 99.802399 0.000000 2.285972 0.003426 
461 6.129883 0.000000 0.053045 99.800005 0.000000 2.281328 0.003475 
462 6.154785 0.000000 0.028573 99.797929 0.000000 2.288803 0.003513 
463 6.179688 0.000000 0.053045 99.804770 0.000000 2.290566 0.003376 
464 6.154785 0.000000 0.077518 99.806862 0.000000 2.283937 0.003337 
465 6.229492 0.000000 -0.020373 99.796435 0.000000 2.310529 0.003533 
466 6.229492 0.000000 -0.069318 99.787742 -0.000000 2.321711 0.003702 
467 6.279297 0.000000 -0.020373 99.801290 0.000000 2.319424 0.003432 
468 6.154785 0.000000 0.004100 99.793455 0.000000 2.292429 0.003601 
469 6.129883 0.000000 0.004100 99.790966 0.000000 2.287777 0.003653 
470 6.154785 0.000000 -0.020373 99.788977 0.000000 2.296847 0.003688 
471 6.179688 0.000000 0.004100 99.795919 0.000000 2.297034 0.003550 
472 6.204590 0.000000 0.053045 99.807119 0.000000 2.295113 0.003327 
473 6.204590 0.000000 0.028573 99.802742 0.000000 2.297956 0.003413 
474 6.229492 0.000000 0.053045 99.809446 0.000000 2.299612 0.003279 
475 6.204590 0.000000 0.077518 99.811489 0.000000 2.293064 0.003241 
476 6.167236 0.000000 0.040809 99.801365 0.000000 2.289592 0.003445 
477 6.154785 0.000000 0.040809 99.800164 0.000000 2.287288 0.003470 
478 6.167236 0.000000 0.028573 99.799141 0.000000 2.291109 0.003488 
479 6.179688 0.000000 0.040809 99.802559 0.000000 2.291885 0.003420 
480 6.167236 0.000000 0.053045 99.803587 0.000000 2.288275 0.003401 
481 1.697266 0.000000 0.126463 99.491712 0.001965 -6.319460 0.006146 
482 1.697266 0.000000 0.224354 97.947146 0.001695 -4.167864 0.038899 
483 1.846680 0.000000 0.077518 98.697235 0.001958 -9.113486 0.017580 
484 1.796875 0.000000 0.077518 98.771709 0.001775 -6.194314 0.020578 
485 1.846680 0.000000 0.126463 97.097840 0.001784 -4.471290 0.055202 
486 2.045898 0.000000 0.077518 95.571929 0.001788 -4.297330 0.084754 
487 2.095703 0.000000 0.077518 94.503164 0.001831 -4.455494 0.104930 
488 2.045898 0.000000 0.126463 95.628055 0.001791 -4.331881 0.083651 
489 6.204590 0.000000 0.004100 99.798360 0.000000 2.301591 0.003499 
490 6.204590 0.000000 -0.020373 99.793973 0.000000 2.306015 0.003585 
491 6.229492 0.000000 0.004100 99.800777 0.000000 2.306102 0.003449 
1 7 12 10 11 
2 12 2 13 10 
3 1 17 15 16 
4 17 7 11 15 
5 19 21 3 22 
6 20 19 22 9 
7 11 25 23 24 
8 25 10 26 23 
9 28 20 9 30 
10 29 28 30 4 
11 15 33 31 32 
12 33 11 24 31 
13 35 37 19 38 
14 36 35 38 20 
15 24 41 39 40 
16 41 23 42 39 
17 44 36 20 46 
18 45 44 46 28 
19 31 49 47 48 
20 49 24 40 47 
21 51 53 35 54 
22 52 51 54 36 
23 40 57 55 56 
24 57 39 58 55 
25 60 52 36 62 
26 61 60 62 44 
27 47 65 63 64 
28 65 40 56 63 
29 67 69 51 70 
30 68 67 70 52 
31 56 73 71 72 
32 73 55 74 71 
33 76 68 52 78 
34 77 76 78 60 
35 63 81 79 80 
36 81 56 72 79 
37 83 85 67 86 
38 84 83 86 68 
39 72 89 87 88 
40 89 71 90 87 
41 10 93 92 26 
42 93 13 94 92 
43 92 94 8 95 
44 26 92 95 14 
45 23 97 96 42 
46 97 26 98 96 
47 96 98 14 99 
48 42 96 99 27 
49 39 101 100 58 
50 101 42 102 100 
51 100 102 27 103 
52 55 105 104 74 
53 105 58 106 104 
54 71 109 108 90 
55 109 74 110 108 
56 108 110 59 111 
57 112 84 68 114 
58 113 112 114 76 
59 115 117 83 118 
60 116 115 118 84 
61 87 121 119 120 
62 121 90 122 119 
63 79 126 124 125 
64 126 72 88 124 
65 88 130 128 129 
66 130 87 120 128 
67 14 95 132 37 
68 95 8 133 132 
69 132 133 21 134 
70 37 132 134 19 
71 27 99 135 53 
72 99 14 136 135 
73 135 136 37 137 
74 53 135 137 35 
75 103 27 139 138 
76 138 139 53 140 
77 69 138 140 51 
78 141 142 69 143 
79 85 141 143 67 
80 111 59 145 144 
81 144 145 85 146 
82 117 144 146 83 
83 147 149 117 150 
84 148 147 150 115 
85 120 153 151 152 
86 153 119 154 151 
87 156 116 84 158 
88 157 156 158 112 
89 159 148 115 161 
90 160 159 161 116 
91 128 164 162 163 
92 164 120 152 162 
93 166 168 147 169 
94 167 166 169 148 
95 152 172 170 171 
96 172 151 173 170 
97 90 176 175 122 
98 176 108 177 175 
99 175 177 111 178 
100 122 175 178 75 
101 119 180 179 154 
102 180 122 181 179 
103 179 181 75 182 
104 154 179 182 123 
105 151 184 183 173 
106 184 154 185 183 
107 183 185 123 186 
108 187 167 148 189 
109 188 187 189 159 
110 190 192 166 193 
111 191 190 193 167 
112 170 196 194 195 
113 196 173 197 194 
114 124 201 199 200 
115 201 88 129 199 
116 129 205 203 204 
117 205 128 163 203 
118 203 163 131 206 
119 204 203 206 5 
120 163 209 207 208 
121 209 162 210 207 
122 207 210 165 211 
123 208 207 211 131 
124 212 160 116 214 
125 213 212 214 156 
126 199 217 215 216 
127 217 129 204 215 
128 215 204 5 218 
129 216 215 218 202 
130 16 221 219 220 
131 221 15 32 219 
132 219 32 18 222 
133 220 219 222 6 
134 32 225 223 224 
135 225 31 48 223 
136 223 48 34 226 
137 224 223 226 18 
138 48 229 227 228 
139 229 47 64 227 
140 227 64 50 230 
141 228 227 230 34 
142 64 233 231 232 
143 233 63 80 231 
144 231 80 66 234 
145 232 231 234 50 
146 80 237 235 236 
147 237 79 125 235 
148 236 235 238 66 
149 125 241 239 240 
150 241 124 200 239 
151 200 245 243 244 
152 245 199 216 243 
153 243 216 202 246 
154 6 222 247 248 
155 222 18 45 247 
156 247 45 28 249 
157 248 247 249 29 
158 18 226 250 251 
159 226 34 61 250 
160 250 61 44 252 
161 251 250 252 45 
162 34 230 253 254 
163 230 50 77 253 
164 253 77 60 255 
165 254 253 255 61 
166 50 234 256 257 
167 234 66 113 256 
168 256 113 76 258 
169 257 256 258 77 
170 66 238 259 260 
171 259 157 112 261 
172 260 259 261 113 
173 262 213 156 264 
174 263 262 264 157 
175 239 267 265 266 
176 267 200 244 265 
177 246 202 271 269 
178 269 271 212 272 
179 270 269 272 213 
180 244 275 273 274 
181 275 243 276 273 
182 273 276 246 277 
183 274 273 277 127 
184 278 270 213 280 
185 279 278 280 262 
186 265 283 281 282 
187 283 244 274 281 
188 281 274 127 284 
189 235 287 285 286 
190 287 125 240 285 
191 285 240 82 288 
192 286 285 288 238 
193 240 291 289 290 
194 291 239 266 289 
195 289 266 242 292 
196 290 289 292 82 
197 266 295 293 294 
198 295 265 282 293 
199 293 282 268 296 
200 294 293 296 242 
201 284 127 299 297 
202 297 299 270 300 
203 298 297 300 278 
204 282 303 301 302 
205 303 281 304 301 
206 301 304 284 305 
207 302 301 305 268 
208 238 288 306 307 
209 288 82 263 306 
210 306 263 157 308 
211 307 306 308 259 
212 82 292 309 310 
213 292 242 279 309 
214 309 279 262 311 
215 310 309 311 263 
216 242 296 312 313 
217 296 268 298 312 
218 312 298 278 314 
219 313 312 314 279 
220 268 305 315 316 
221 305 284 317 315 
222 315 317 297 318 
223 316 315 318 298 
224 127 277 319 299 
225 277 246 320 319 
226 319 320 269 321 
227 299 319 321 270 
228 202 218 322 271 
229 218 5 323 322 
230 322 323 160 324 
231 271 322 324 212 
232 5 206 325 323 
233 206 131 188 325 
234 325 188 159 326 
235 323 325 326 160 
236 131 211 327 328 
237 211 165 329 327 
238 327 329 187 330 
239 328 327 330 188 
240 162 332 331 210 
241 332 152 171 331 
242 331 171 91 333 
243 210 331 333 165 
244 171 336 334 335 
245 336 170 195 334 
246 334 195 174 337 
247 335 334 337 91 
248 75 178 338 149 
249 178 111 339 338 
250 338 339 144 340 
251 149 338 340 117 
252 123 182 341 168 
253 182 75 342 341 
254 341 342 149 343 
255 168 341 343 147 
256 186 123 345 344 
257 344 345 168 346 
258 192 344 346 166 
259 174 198 347 348 
260 198 155 349 347 
261 347 349 192 350 
262 348 347 350 190 
263 195 353 351 352 
264 353 194 354 351 
265 351 354 198 355 
266 352 351 355 174 
267 173 357 356 197 
268 357 183 358 356 
269 356 358 186 359 
270 197 356 359 155 
271 194 361 360 354 
272 361 197 362 360 
273 360 362 155 363 
274 354 360 363 198 
275 365 103 366 364 
276 364 366 138 367 
277 142 364 367 69 
278 368 371 142 372 
279 369 368 372 141 
280 59 374 373 145 
281 373 369 141 375 
282 145 373 375 85 
283 58 377 376 106 
284 377 100 378 376 
285 376 378 103 365 
286 104 381 379 380 
287 381 106 382 379 
288 383 386 368 387 
289 384 383 387 369 
290 74 389 388 110 
291 389 104 380 388 
292 110 388 374 59 
293 374 392 390 391 
294 392 107 384 390 
295 390 384 369 393 
296 391 390 393 373 
297 380 396 394 395 
298 396 379 397 394 
299 107 400 398 399 
300 398 401 383 402 
301 399 398 402 384 
302 388 405 403 404 
303 405 380 395 403 
304 403 395 107 392 
305 404 403 392 374 
306 395 408 406 407 
307 408 394 409 406 
308 407 406 400 107 
309 43 411 410 371 
310 411 365 412 410 
311 410 412 364 413 
312 371 410 413 142 
313 370 415 414 386 
314 415 43 416 414 
315 414 416 371 417 
316 386 414 417 368 
317 419 370 420 418 
318 418 420 386 421 
319 401 418 421 383 
320 400 424 422 423 
321 422 425 401 426 
322 423 422 426 398 
323 106 428 427 382 
324 428 376 429 427 
325 427 429 365 411 
326 382 427 411 43 
327 379 431 430 397 
328 431 382 432 430 
329 430 432 43 415 
330 397 430 415 370 
331 394 434 433 409 
332 434 397 435 433 
333 433 435 370 419 
334 406 438 436 437 
335 438 409 439 436 
336 437 436 424 400 
337 441 419 442 440 
338 440 442 418 443 
339 425 440 443 401 
340 424 446 444 445 
341 444 447 425 448 
342 445 444 448 422 
343 409 450 449 439 
344 450 433 451 449 
345 449 451 419 441 
346 436 454 452 453 
347 454 439 455 452 
348 453 452 446 424 
349 457 441 458 456 
350 456 458 440 459 
351 447 456 459 425 
352 446 462 460 461 
353 460 463 447 464 
354 461 460 464 444 
355 439 466 465 455 
356 466 449 467 465 
357 465 467 441 457 
358 452 470 468 469 
359 470 455 471 468 
360 468 471 385 462 
361 469 468 462 446 
362 385 473 472 463 
363 473 457 474 472 
364 472 474 456 475 
365 463 472 475 447 
366 462 478 476 477 
367 478 385 479 476 
368 476 479 463 480 
369 477 476 480 460 
370 165 333 481 329 
371 333 91 191 481 
372 481 191 167 482 
373 329 481 482 187 
374 91 337 483 484 
375 337 174 348 483 
376 483 348 190 485 
377 484 483 485 191 
378 155 359 486 349 
379 359 186 487 486 
380 486 487 344 488 
381 349 486 488 192 
382 455 490 489 471 
383 490 465 491 489 
384 489 491 457 473 
385 471 489 473 385 
