2 0.000000 100.000000 747.808936
392 310 
1 -50.000000 0.000000 -50.091361 99.858993 -0.000000 5.234321 0.000078 
2 52.000000 0.000000 -50.091361 99.859817 0.000000 5.211716 0.000085 
3 52.000000 0.000000 50.148507 99.868135 0.000000 5.206602 -0.000075 
4 -50.000000 0.000000 50.148507 99.867188 -0.000000 5.234368 -0.000085 
5 1.000000 0.000000 0.028573 106.382382 0.000737 -1.187537 -0.131862 
6 -50.000000 0.000000 0.028573 99.862896 0.000000 5.239341 -0.000005 
7 1.000000 0.000000 -50.091361 99.851891 -0.000000 5.222293 0.000233 
8 52.000000 0.000000 0.028573 99.982114 -0.000000 2.942166 -0.000508 
9 1.000000 0.000000 50.148507 99.875541 0.000000 5.221168 -0.000238 
10 26.500000 0.000000 -25.031394 99.850383 -0.000000 5.147961 0.000340 
11 1.000000 0.000000 -25.031394 99.819865 -0.000000 5.188862 0.000907 
12 26.500000 0.000000 -50.091361 99.855506 -0.000000 5.213693 0.000170 
13 52.000000 0.000000 -25.031394 99.862501 -0.000000 5.154552 0.000091 
14 26.500000 0.000000 0.028573 100.017623 -0.000000 2.186639 -0.000831 
15 -24.500000 0.000000 -25.031394 99.846919 -0.000000 5.236099 0.000318 
16 -50.000000 0.000000 -25.031394 99.858929 -0.000000 5.236926 0.000077 
17 -24.500000 0.000000 -50.091361 99.854905 0.000000 5.231399 0.000163 
18 -24.500000 0.000000 0.028573 99.861335 0.000000 5.256704 0.000008 
19 26.500000 0.000000 25.088540 99.883133 0.000000 5.128558 -0.000294 
20 1.000000 0.000000 25.088540 99.913167 0.000000 5.184835 -0.000952 
21 52.000000 0.000000 25.088540 99.872413 0.000000 5.117304 -0.000069 
22 26.500000 0.000000 50.148507 99.872246 0.000000 5.210671 -0.000162 
23 13.750000 0.000000 -12.501411 99.812541 -0.000000 4.918434 0.001327 
24 1.000000 0.000000 -12.501411 99.702783 -0.000000 5.064354 0.003371 
25 13.750000 0.000000 -25.031394 99.833729 -0.000000 5.155924 0.000664 
26 26.500000 0.000000 -12.501411 99.859671 -0.000000 4.938927 0.000365 
27 13.750000 0.000000 0.028573 100.015802 -0.000000 1.785488 -0.000635 
28 -24.500000 0.000000 25.088540 99.879767 0.000000 5.237047 -0.000339 
29 -50.000000 0.000000 25.088540 99.867110 -0.000000 5.237106 -0.000087 
30 -24.500000 0.000000 50.148507 99.871735 0.000000 5.231323 -0.000173 
31 -11.750000 0.000000 -12.501411 99.798175 0.000000 5.240770 0.001286 
32 -24.500000 0.000000 -12.501411 99.846058 0.000000 5.246368 0.000324 
33 -11.750000 0.000000 -25.031394 99.831007 -0.000000 5.224156 0.000648 
34 -11.750000 0.000000 0.028573 99.846802 -0.000000 5.326204 0.000225 
35 13.750000 0.000000 12.558556 99.938058 0.000000 4.853244 -0.001117 
36 1.000000 0.000000 12.558556 100.057925 0.000000 5.052139 -0.003711 
37 26.500000 0.000000 12.558556 99.897020 0.000000 4.820710 -0.000265 
38 13.750000 0.000000 25.088540 99.899546 0.000000 5.143827 -0.000638 
39 7.375000 0.000000 -6.236419 99.659317 -0.000000 4.260954 0.004986 
40 1.000000 0.000000 -6.236419 99.347336 -0.000000 4.704286 0.010798 
41 7.375000 0.000000 -12.501411 99.752277 -0.000000 4.949758 0.002498 
42 13.750000 0.000000 -6.236419 99.835862 -0.000000 4.308143 0.001424 
43 7.375000 0.000000 0.028573 99.910249 -0.000000 1.484747 0.001574 
44 -11.750000 0.000000 12.558556 99.928653 0.000000 5.250281 -0.001330 
45 -24.500000 0.000000 12.558556 99.878919 0.000000 5.248264 -0.000334 
46 -11.750000 0.000000 25.088540 99.898066 0.000000 5.225154 -0.000693 
47 -5.375000 0.000000 -6.236419 99.610102 -0.000000 5.245073 0.005032 
48 -11.750000 0.000000 -6.236419 99.790738 0.000000 5.280375 0.001393 
49 -5.375000 0.000000 -12.501411 99.739701 -0.000000 5.192927 0.002503 
50 -5.375000 0.000000 0.028573 99.750890 -0.000000 5.592018 0.001849 
51 7.375000 0.000000 6.293564 100.108227 0.000000 4.105209 -0.003851 
52 1.000000 0.000000 6.293564 100.553220 0.000000 4.672324 -0.013278 
53 13.750000 0.000000 6.293564 99.965751 0.000000 4.066885 -0.000969 
54 7.375000 0.000000 12.558556 100.001855 0.000000 4.902626 -0.002441 
55 4.187500 0.000000 -3.103923 99.214601 -0.000000 3.201296 0.014621 
56 1.000000 0.000000 -3.103923 98.577255 -0.000000 4.047951 0.026614 
57 4.187500 0.000000 -6.236419 99.485289 -0.000000 4.382123 0.008347 
58 7.375000 0.000000 -3.103923 99.684625 -0.000000 3.180259 0.005286 
59 4.187500 0.000000 0.028573 99.500910 -0.000000 0.800655 0.009893 
60 -5.375000 0.000000 6.293564 100.109307 0.000000 5.319821 -0.005017 
61 -11.750000 0.000000 6.293564 99.921243 0.000000 5.296635 -0.001231 
62 -5.375000 0.000000 12.558556 100.000905 0.000000 5.206137 -0.002728 
63 -2.187500 0.000000 -3.103923 99.016249 -0.000000 5.221122 0.016852 
64 -5.375000 0.000000 -3.103923 99.563614 -0.000000 5.388335 0.005805 
65 -2.187500 0.000000 -6.236419 99.430665 -0.000000 5.071379 0.008782 
66 -2.187500 0.000000 0.028573 99.293713 -0.000000 6.560115 0.009772 
67 4.187500 0.000000 3.161069 100.535760 0.000000 2.766595 -0.011509 
68 1.000000 0.000000 3.161069 101.910031 0.000000 3.923836 -0.040105 
69 7.375000 0.000000 3.161069 100.096032 0.000000 2.914663 -0.002771 
70 4.187500 0.000000 6.293564 100.338131 0.000000 4.223677 -0.008558 
71 2.593750 0.000000 -1.537675 98.243975 -0.000000 2.291741 0.034287 
72 1.000000 0.000000 -1.537675 97.741110 -0.000000 3.389033 0.043519 
73 2.593750 0.000000 -3.103923 98.822677 -0.000000 3.468826 0.022205 
74 4.187500 0.000000 -1.537675 99.133747 -0.000000 2.026810 0.016839 
75 2.593750 0.000000 0.028573 89.450265 0.001795 -4.566821 0.197779 
76 -2.187500 0.000000 3.161069 100.698223 0.000000 5.652510 -0.017208 
77 -5.375000 0.000000 3.161069 100.056891 0.000000 5.505057 -0.004169 
78 -2.187500 0.000000 6.293564 100.372725 0.000000 5.172783 -0.010144 
79 -0.593750 0.000000 -1.537675 97.632470 -0.000000 4.913557 0.044376 
80 -2.187500 0.000000 -1.537675 98.772781 -0.000000 5.693957 0.021152 
81 -0.593750 0.000000 -3.103923 98.636898 -0.000000 4.746075 0.024824 
82 -0.593750 0.000000 0.028573 82.867320 -0.000759 14.010661 0.293671 
83 2.593750 0.000000 1.594821 101.412886 0.000000 0.752320 -0.028514 
84 1.000000 0.000000 1.594821 104.663954 0.000000 2.684175 -0.096175 
85 4.187500 0.000000 1.594821 100.256888 0.000000 1.508626 -0.005372 
86 2.593750 0.000000 3.161069 101.222281 0.000000 2.906829 -0.025440 
87 1.796875 0.000000 -0.754551 94.348565 0.001448 -3.295494 0.108749 
88 1.000000 0.000000 -0.754551 98.752682 -0.000220 4.795364 0.022491 
89 1.796875 0.000000 -1.537675 97.872330 -0.000000 2.837211 0.041296 
90 2.593750 0.000000 -0.754551 97.764752 -0.000000 1.198661 0.044062 
91 1.796875 0.000000 0.028573 99.363725 0.001506 -7.979464 0.006318 
92 39.250000 0.000000 -12.501411 99.869885 -0.000000 4.966683 0.000134 
93 39.250000 0.000000 -25.031394 99.858803 -0.000000 5.150338 0.000169 
94 52.000000 0.000000 -12.501411 99.872372 -0.000000 4.989965 0.000061 
95 39.250000 0.000000 0.028573 100.000252 -0.000000 2.578466 -0.000670 
96 20.125000 0.000000 -6.236419 99.878000 -0.000000 4.380782 0.000519 
97 20.125000 0.000000 -12.501411 99.844906 -0.000000 4.924737 0.000674 
98 26.500000 0.000000 -6.236419 99.890126 -0.000000 4.443508 0.000222 
99 20.125000 0.000000 0.028573 100.022865 -0.000000 1.985728 -0.000852 
100 10.562500 0.000000 -3.103923 99.839885 -0.000000 3.290088 0.002117 
101 10.562500 0.000000 -6.236419 99.779917 -0.000000 4.274866 0.002569 
102 13.750000 0.000000 -3.103923 99.898047 -0.000000 3.400411 0.000882 
103 10.562500 0.000000 0.028573 99.992458 -0.000000 1.659699 -0.000125 
104 5.781250 0.000000 -1.537675 99.570680 -0.000000 2.155133 0.008104 
105 5.781250 0.000000 -3.103923 99.507379 -0.000000 3.145238 0.008839 
106 7.375000 0.000000 -1.537675 99.768732 -0.000000 2.290052 0.004096 
107 5.781250 0.000000 0.028573 99.787659 -0.000000 1.283373 0.004078 
108 3.390625 0.000000 -0.754551 98.727282 -0.000000 1.122301 0.025166 
109 3.390625 0.000000 -1.537675 98.743143 -0.000000 2.044593 0.024561 
110 4.187500 0.000000 -0.754551 99.225898 -0.000000 1.308409 0.015251 
111 3.390625 0.000000 0.028573 99.145088 -0.000000 0.267211 0.017018 
112 -0.593750 0.000000 1.594821 102.503829 0.000000 6.839167 -0.055381 
113 -2.187500 0.000000 1.594821 100.460840 0.000000 6.355113 -0.013277 
114 -0.593750 0.000000 3.161069 101.520799 0.000000 5.238728 -0.033392 
115 1.796875 0.000000 0.811697 95.557337 0.001894 -6.629917 0.082484 
116 1.000000 0.000000 0.811697 116.052497 0.001788 -6.427445 -0.350949 
117 2.593750 0.000000 0.811697 100.517365 0.000000 -0.906865 -0.010456 
118 1.796875 0.000000 1.594821 103.018216 0.000000 0.907652 -0.061358 
119 2.195312 0.000000 -0.362989 93.645971 0.001514 -3.592524 0.121753 
120 1.796875 0.000000 -0.362989 96.579449 0.001440 -3.428570 0.066065 
121 2.195312 0.000000 -0.754551 87.810754 0.001772 -2.386933 0.228357 
122 2.593750 0.000000 -0.362989 89.497807 0.001792 -4.506941 0.196983 
123 2.195312 0.000000 0.028573 94.423074 0.001621 -4.376087 0.106513 
124 0.203125 0.000000 -0.754551 84.050947 -0.000763 8.256064 0.286728 
125 -0.593750 0.000000 -0.754551 96.355336 -0.000000 5.722009 0.068291 
126 0.203125 0.000000 -1.537675 97.527270 -0.000000 3.983669 0.047256 
127 0.203125 0.000000 0.028573 100.319477 -0.000268 12.606296 -0.022292 
128 1.398438 0.000000 -0.362989 99.556861 0.001288 -2.975885 0.007958 
129 1.000000 0.000000 -0.362989 105.625288 0.000681 -1.000821 -0.115770 
130 1.398438 0.000000 -0.754551 100.178065 0.000693 1.882833 -0.003919 
131 1.398438 0.000000 0.028573 101.998860 0.001334 -3.203026 -0.041403 
132 39.250000 0.000000 12.558556 99.890556 0.000000 4.783857 -0.000101 
133 52.000000 0.000000 12.558556 99.890670 0.000000 4.736741 -0.000058 
134 39.250000 0.000000 25.088540 99.875487 0.000000 5.122469 -0.000135 
135 20.125000 0.000000 6.293564 99.940213 0.000000 4.011928 -0.000414 
136 26.500000 0.000000 6.293564 99.936407 0.000000 3.934653 -0.000277 
137 20.125000 0.000000 12.558556 99.908773 0.000000 4.835500 -0.000515 
138 10.562500 0.000000 3.161069 100.017154 0.000000 2.950475 -0.001214 
139 13.750000 0.000000 3.161069 99.995703 0.000000 2.933587 -0.000775 
140 10.562500 0.000000 6.293564 100.007876 0.000000 4.083026 -0.001825 
141 5.781250 0.000000 1.594821 100.062308 0.000000 1.909521 -0.001611 
142 7.375000 0.000000 1.594821 100.022452 0.000000 2.072943 -0.000879 
143 5.781250 0.000000 3.161069 100.223388 0.000000 2.844743 -0.005282 
144 3.390625 0.000000 0.811697 99.986944 0.000000 0.360032 0.000248 
145 4.187500 0.000000 0.811697 99.905576 0.000000 0.963878 0.001795 
146 3.390625 0.000000 1.594821 100.601291 0.000000 1.147373 -0.012194 
147 2.195312 0.000000 0.420135 94.698939 0.001729 -5.264449 0.100440 
148 1.796875 0.000000 0.420135 97.749052 0.001584 -4.597267 0.042399 
149 2.593750 0.000000 0.420135 88.706383 0.001990 -6.549155 0.208829 
150 2.195312 0.000000 0.811697 88.372197 0.001951 -9.537844 0.209938 
151 1.996094 0.000000 -0.167208 95.746341 0.001559 -4.043790 0.081629 
152 1.796875 0.000000 -0.167208 96.542404 0.001460 -3.591147 0.066667 
153 1.996094 0.000000 -0.362989 95.089968 0.001493 -3.568929 0.094516 
154 2.195312 0.000000 -0.167208 94.442638 0.001611 -4.261901 0.106242 
155 1.996094 0.000000 0.028573 85.021949 0.001715 -4.514902 0.275088 
156 0.203125 0.000000 0.811697 93.191057 -0.000321 24.168557 0.073131 
157 -0.593750 0.000000 0.811697 101.979746 0.000000 9.448066 -0.048913 
158 0.203125 0.000000 1.594821 104.408191 0.000000 5.488125 -0.093119 
159 1.398438 0.000000 0.420135 100.217253 0.001382 -3.708309 -0.005725 
160 1.000000 0.000000 0.420135 107.905727 0.000832 -0.078164 -0.164365 
161 1.398438 0.000000 0.811697 108.776448 0.002131 -10.007256 -0.193246 
162 1.597656 0.000000 -0.167208 98.122563 0.001224 -2.287477 0.036673 
163 1.398438 0.000000 -0.167208 99.421229 0.001000 -1.108768 0.011419 
164 1.597656 0.000000 -0.362989 98.046889 0.001415 -3.458287 0.037485 
165 1.597656 0.000000 0.028573 100.572570 0.001430 -4.215219 -0.013261 
166 1.996094 0.000000 0.224354 95.980737 0.001583 -4.349395 0.076878 
167 1.796875 0.000000 0.224354 97.543200 0.001510 -4.139747 0.046819 
168 2.195312 0.000000 0.224354 94.607910 0.001625 -4.479518 0.102928 
169 1.996094 0.000000 0.420135 96.187008 0.001668 -4.950999 0.072355 
170 1.896484 0.000000 -0.069318 95.676396 0.001391 -1.332142 0.084425 
171 1.796875 0.000000 -0.069318 96.918809 0.001156 -1.004922 0.060573 
172 1.896484 0.000000 -0.167208 96.059629 0.001545 -4.004904 0.075651 
173 1.996094 0.000000 -0.069318 95.715668 0.001568 -4.124479 0.082150 
174 1.896484 0.000000 0.028573 95.315060 0.001721 -6.246177 0.087602 
175 2.992188 0.000000 -0.362989 98.399092 -0.000000 0.407649 0.031745 
176 2.992188 0.000000 -0.754551 98.316842 -0.000000 1.083715 0.033262 
177 3.390625 0.000000 -0.362989 98.860432 -0.000000 0.629137 0.022622 
178 2.992188 0.000000 0.028573 98.782571 -0.000000 -0.191971 0.024197 
179 2.394531 0.000000 -0.167208 93.162897 0.001640 -4.422135 0.130112 
180 2.394531 0.000000 -0.362989 91.673414 0.001677 -4.459746 0.157610 
181 2.593750 0.000000 -0.167208 89.454618 0.001794 -4.532390 0.197733 
182 2.394531 0.000000 0.028573 93.150173 0.001646 -4.495277 0.130284 
183 2.095703 0.000000 -0.069318 94.531330 0.001611 -4.306831 0.104528 
184 2.095703 0.000000 -0.167208 94.564237 0.001604 -4.241211 0.103962 
185 2.195312 0.000000 -0.069318 94.405906 0.001617 -4.317287 0.106889 
186 2.095703 0.000000 0.028573 94.554290 0.001616 -4.377722 0.104032 
187 1.597656 0.000000 0.224354 100.167054 0.001615 -5.041924 -0.005886 
188 1.398438 0.000000 0.224354 102.683522 0.001628 -5.178582 -0.057072 
189 1.597656 0.000000 0.420135 98.577210 0.001496 -4.166961 0.026517 
190 1.896484 0.000000 0.126463 96.190649 0.001570 -4.288360 0.072897 
191 1.796875 0.000000 0.126463 98.435776 0.001607 -6.273881 0.027104 
192 1.996094 0.000000 0.126463 95.842415 0.001580 -4.288067 0.079584 
193 1.896484 0.000000 0.224354 96.312717 0.001575 -4.359790 0.070485 
194 1.946289 0.000000 -0.020373 92.590321 0.002343 -2.286668 0.142180 
195 1.896484 0.000000 -0.020373 94.609356 0.001726 -2.957466 0.104032 
196 1.946289 0.000000 -0.069318 95.871926 0.001561 -4.111921 0.079167 
197 1.996094 0.000000 -0.020373 84.183119 0.001810 -3.517939 0.290083 
198 1.946289 0.000000 0.028573 93.806266 0.001961 -7.692426 0.114121 
199 0.601562 0.000000 -0.362989 98.228483 -0.000116 5.986755 0.031532 
200 0.203125 0.000000 -0.362989 93.823214 -0.000443 8.323018 0.112793 
201 0.601562 0.000000 -0.754551 98.543448 -0.000467 -2.602720 0.028241 
202 0.601562 0.000000 0.028573 102.832144 0.000053 4.711073 -0.059664 
203 1.199219 0.000000 -0.167208 100.730961 0.000876 -0.816810 -0.014739 
204 1.000000 0.000000 -0.167208 104.274065 0.000495 0.255179 -0.087315 
205 1.199219 0.000000 -0.362989 101.838314 0.001052 -2.286358 -0.037627 
206 1.199219 0.000000 0.028573 103.385598 0.001145 -2.265909 -0.069372 
207 1.498047 0.000000 -0.069318 99.344842 0.000904 -0.000357 0.013060 
208 1.398438 0.000000 -0.069318 100.131666 0.001032 -1.191262 -0.002777 
209 1.498047 0.000000 -0.167208 99.114427 0.001160 -1.948369 0.017253 
210 1.597656 0.000000 -0.069318 99.009448 0.001097 -1.565093 0.019468 
211 1.498047 0.000000 0.028573 101.730255 0.001543 -4.504450 -0.036933 
212 0.601562 0.000000 0.420135 99.845437 -0.000026 6.797720 -0.001532 
213 0.203125 0.000000 0.420135 96.458431 -0.000284 9.731264 0.060107 
214 0.601562 0.000000 0.811697 120.260874 0.000637 10.375472 -0.457033 
215 0.800781 0.000000 -0.167208 100.092639 0.000103 4.057277 -0.003500 
216 0.601562 0.000000 -0.167208 99.241869 -0.000077 4.579209 0.013008 
217 0.800781 0.000000 -0.362989 103.716454 0.000155 1.819183 -0.076041 
218 0.800781 0.000000 0.028573 103.085703 0.000280 3.012250 -0.063574 
219 -37.250000 0.000000 -12.501411 99.857047 0.000000 5.241439 0.000110 
220 -50.000000 0.000000 -12.501411 99.860345 -0.000000 5.238543 0.000047 
221 -37.250000 0.000000 -25.031394 99.855215 -0.000000 5.237541 0.000150 
222 -37.250000 0.000000 0.028573 99.862642 0.000000 5.243832 -0.000004 
223 -18.125000 0.000000 -6.236419 99.836908 0.000000 5.263887 0.000488 
224 -24.500000 0.000000 -6.236419 99.851296 -0.000000 5.253046 0.000212 
225 -18.125000 0.000000 -12.501411 99.830886 -0.000000 5.248101 0.000625 
226 -18.125000 0.000000 0.028573 99.858527 0.000000 5.274758 0.000045 
227 -8.562500 0.000000 -3.103923 99.740386 -0.000000 5.357508 0.002315 
228 -11.750000 0.000000 -3.103923 99.808428 0.000000 5.308322 0.001010 
229 -8.562500 0.000000 -6.236419 99.730204 -0.000000 5.282747 0.002598 
230 -8.562500 0.000000 0.028573 99.824111 -0.000000 5.405765 0.000592 
231 -3.781250 0.000000 -1.537675 99.375433 -0.000000 5.614010 0.009301 
232 -5.375000 0.000000 -1.537675 99.614093 -0.000000 5.503398 0.004675 
233 -3.781250 0.000000 -3.103923 99.355881 -0.000000 5.373386 0.009954 
234 -3.781250 0.000000 0.028573 99.638368 -0.000000 5.853305 0.003793 
235 -1.390625 0.000000 -0.754551 98.041021 -0.000000 6.333767 0.034784 
236 -2.187500 0.000000 -0.754551 98.862050 -0.000000 6.136367 0.018864 
237 -1.390625 0.000000 -1.537675 98.222973 -0.000000 5.531215 0.032165 
238 -1.390625 0.000000 0.028573 98.749863 -0.000000 7.480070 0.019251 
239 -0.195312 0.000000 -0.362989 87.905629 -0.000655 10.670348 0.215874 
240 -0.593750 0.000000 -0.362989 76.027234 -0.000893 14.669584 0.400466 
241 -0.195312 0.000000 -0.754551 74.015712 -0.000969 7.778474 0.446117 
242 -0.195312 0.000000 0.028573 89.607468 -0.000580 11.660984 0.183452 
243 0.402344 0.000000 -0.167208 97.873454 -0.000247 4.608469 0.039955 
244 0.203125 0.000000 -0.167208 95.320588 -0.000416 4.841537 0.089054 
245 0.402344 0.000000 -0.362989 96.316804 -0.000293 7.165963 0.067172 
246 0.402344 0.000000 0.028573 102.539903 -0.000107 7.625445 -0.057258 
247 -37.250000 0.000000 12.558556 99.868593 0.000000 5.241905 -0.000121 
248 -50.000000 0.000000 12.558556 99.865532 -0.000000 5.238693 -0.000057 
249 -37.250000 0.000000 25.088540 99.870928 0.000000 5.237963 -0.000164 
250 -18.125000 0.000000 6.293564 99.883219 0.000000 5.268170 -0.000441 
251 -24.500000 0.000000 6.293564 99.872156 -0.000000 5.254517 -0.000206 
252 -18.125000 0.000000 12.558556 99.893815 -0.000000 5.252371 -0.000636 
253 -8.562500 0.000000 3.161069 99.930582 0.000000 5.393491 -0.001521 
254 -11.750000 0.000000 3.161069 99.891340 -0.000000 5.320573 -0.000659 
255 -8.562500 0.000000 6.293564 99.977028 0.000000 5.317809 -0.002369 
256 -3.781250 0.000000 1.594821 100.033707 0.000000 5.830577 -0.004074 
257 -5.375000 0.000000 1.594821 99.927457 0.000000 5.589677 -0.001674 
258 -3.781250 0.000000 3.161069 100.251276 0.000000 5.604921 -0.008173 
259 -1.390625 0.000000 0.811697 100.286996 0.000000 7.571969 -0.011482 
260 -2.187500 0.000000 0.811697 99.953228 0.000000 6.637444 -0.003470 
261 -1.390625 0.000000 1.594821 101.111216 0.000000 6.738528 -0.026889 
262 -0.195312 0.000000 0.420135 90.782259 -0.000546 13.008435 0.158936 
263 -0.593750 0.000000 0.420135 73.984387 -0.000859 21.093652 0.408137 
264 -0.195312 0.000000 0.811697 88.836865 -0.000386 40.839041 0.044018 
265 0.003906 0.000000 -0.167208 91.964167 -0.000493 9.549451 0.145140 
266 -0.195312 0.000000 -0.167208 89.402351 -0.000591 10.889718 0.188863 
267 0.003906 0.000000 -0.362989 90.969383 -0.000561 9.518892 0.163396 
268 0.003906 0.000000 0.028573 62.029788 -0.000678 49.751702 0.367707 
269 0.402344 0.000000 0.224354 103.912325 -0.000040 8.710194 -0.087364 
270 0.203125 0.000000 0.224354 96.026112 -0.000308 9.479876 0.068912 
271 0.601562 0.000000 0.224354 104.649518 0.000180 5.287844 -0.097948 
272 0.402344 0.000000 0.420135 98.685952 -0.000106 7.863168 0.019925 
273 0.302734 0.000000 -0.069318 97.510026 -0.000413 1.608469 0.048921 
274 0.203125 0.000000 -0.069318 97.042289 -0.000576 -4.418291 0.056327 
275 0.302734 0.000000 -0.167208 96.461412 -0.000353 5.526055 0.066466 
276 0.402344 0.000000 -0.069318 98.203205 -0.000254 4.273806 0.033787 
277 0.302734 0.000000 0.028573 100.303160 -0.000262 8.192008 -0.012783 
278 0.003906 0.000000 0.224354 93.166008 -0.000450 11.023792 0.119857 
279 -0.195312 0.000000 0.224354 90.385814 -0.000559 12.210359 0.168131 
280 0.003906 0.000000 0.420135 93.767737 -0.000429 11.447342 0.107657 
281 0.103516 0.000000 -0.069318 92.701706 -0.000931 -12.212754 0.125724 
282 0.003906 0.000000 -0.069318 86.699772 -0.000833 -2.793168 0.247535 
283 0.103516 0.000000 -0.167208 92.788008 -0.000475 9.248614 0.130485 
284 0.103516 0.000000 0.028573 100.048750 -0.000345 19.484254 -0.038939 
285 -0.992188 0.000000 -0.362989 97.322322 -0.000000 7.257683 0.047569 
286 -1.390625 0.000000 -0.362989 98.223868 -0.000000 6.931716 0.030402 
287 -0.992188 0.000000 -0.754551 97.318753 -0.000000 6.243839 0.049007 
288 -0.992188 0.000000 0.028573 98.097548 -0.000000 8.387867 0.030651 
289 -0.394531 0.000000 -0.167208 86.695618 -0.000673 12.187178 0.233534 
290 -0.593750 0.000000 -0.167208 78.469953 -0.000858 12.529191 0.368549 
291 -0.394531 0.000000 -0.362989 84.152329 -0.000745 11.608090 0.278364 
292 -0.394531 0.000000 0.028573 86.852574 -0.000665 12.783807 0.229320 
293 -0.095703 0.000000 -0.069318 90.211988 -0.000569 10.782834 0.174553 
294 -0.195312 0.000000 -0.069318 89.419219 -0.000588 11.273867 0.187710 
295 -0.095703 0.000000 -0.167208 89.749187 -0.000586 10.687688 0.183086 
296 -0.095703 0.000000 0.028573 91.282526 -0.000501 10.926939 0.154810 
297 0.103516 0.000000 0.126463 103.597326 -0.000279 21.311073 -0.118657 
298 0.003906 0.000000 0.126463 92.696599 -0.000465 10.793450 0.129084 
299 0.203125 0.000000 0.126463 107.949784 -0.000146 17.164166 -0.194776 
300 0.103516 0.000000 0.224354 94.058431 -0.000429 10.766741 0.103709 
301 0.053711 0.000000 -0.020373 85.113824 -0.001033 -11.377470 0.262619 
302 0.003906 0.000000 -0.020373 42.202021 -0.001390 -17.219396 0.792248 
303 0.053711 0.000000 -0.069318 85.955745 -0.001003 -10.590053 0.249946 
304 0.103516 0.000000 -0.020373 92.794050 -0.000671 0.331943 0.138915 
305 0.053711 0.000000 0.028573 98.752579 -0.000329 35.320710 -0.099962 
306 -0.992188 0.000000 0.420135 99.539091 0.000000 8.811241 0.001433 
307 -1.390625 0.000000 0.420135 99.530697 0.000000 7.719966 0.003404 
308 -0.992188 0.000000 0.811697 100.781663 0.000000 8.359482 -0.022682 
309 -0.394531 0.000000 0.224354 87.399956 -0.000650 13.251479 0.218565 
310 -0.593750 0.000000 0.224354 81.562448 -0.000766 16.778372 0.306605 
311 -0.394531 0.000000 0.420135 87.177200 -0.000650 14.706997 0.218384 
312 -0.095703 0.000000 0.126463 91.679578 -0.000489 11.274033 0.146775 
313 -0.195312 0.000000 0.126463 89.949553 -0.000570 11.987882 0.176537 
314 -0.095703 0.000000 0.224354 92.171613 -0.000474 11.491632 0.137234 
315 0.053711 0.000000 0.077518 100.112735 -0.000312 33.844540 -0.116801 
316 0.003906 0.000000 0.077518 94.608694 -0.000405 27.226764 0.030790 
317 0.103516 0.000000 0.077518 113.734492 -0.000116 37.451390 -0.433814 
318 0.053711 0.000000 0.126463 98.819045 -0.000362 18.313187 -0.010058 
319 0.302734 0.000000 0.126463 115.455483 0.000034 14.676334 -0.354536 
320 0.402344 0.000000 0.126463 105.489714 -0.000021 8.873921 -0.120683 
321 0.302734 0.000000 0.224354 101.137920 -0.000205 10.335558 -0.033570 
322 0.800781 0.000000 0.224354 104.563133 0.000429 2.692182 -0.094070 
323 1.000000 0.000000 0.224354 108.565984 0.000997 -2.214309 -0.179148 
324 0.800781 0.000000 0.420135 109.048483 0.000537 3.667271 -0.190502 
325 1.199219 0.000000 0.224354 104.528515 0.001433 -3.967954 -0.094196 
326 1.199219 0.000000 0.420135 104.372438 0.001126 -2.844498 -0.090170 
327 1.498047 0.000000 0.126463 102.583512 0.001775 -6.165933 -0.056140 
328 1.398438 0.000000 0.126463 102.966790 0.001585 -4.980658 -0.062697 
329 1.597656 0.000000 0.126463 101.316232 0.001766 -6.743585 -0.031045 
330 1.498047 0.000000 0.224354 100.780596 0.001570 -4.920405 -0.018094 
331 1.697266 0.000000 -0.069318 98.026985 0.001131 -1.356398 0.038887 
332 1.697266 0.000000 -0.167208 97.699495 0.001451 -3.679492 0.044127 
333 1.697266 0.000000 0.028573 99.538750 0.001433 -4.898511 0.006804 
334 1.846680 0.000000 -0.020373 96.766168 0.001216 -2.081489 0.063198 
335 1.796875 0.000000 -0.020373 97.197042 0.001015 -0.041081 0.055273 
336 1.846680 0.000000 -0.069318 95.899472 0.001168 0.188561 0.080326 
337 1.846680 0.000000 0.028573 97.819736 0.001364 -6.721083 0.038613 
338 2.992188 0.000000 0.420135 99.451621 0.000000 -0.399613 0.010922 
339 3.390625 0.000000 0.420135 99.554095 0.000000 0.180032 0.008895 
340 2.992188 0.000000 0.811697 100.134449 0.000000 -0.152225 -0.002693 
341 2.394531 0.000000 0.224354 93.262818 0.001646 -4.566024 0.128120 
342 2.593750 0.000000 0.224354 89.490865 0.001794 -4.601822 0.197021 
343 2.394531 0.000000 0.420135 91.796460 0.001682 -4.674254 0.155156 
344 2.095703 0.000000 0.126463 94.633145 0.001620 -4.444893 0.102481 
345 2.195312 0.000000 0.126463 94.494799 0.001624 -4.432008 0.105109 
346 2.095703 0.000000 0.224354 94.752065 0.001622 -4.500553 0.100179 
347 1.946289 0.000000 0.077518 95.950928 0.001573 -4.248705 0.077537 
348 1.896484 0.000000 0.077518 97.059027 0.001561 -7.526668 0.052289 
349 1.996094 0.000000 0.077518 95.788241 0.001578 -4.250597 0.080655 
350 1.946289 0.000000 0.126463 96.003994 0.001575 -4.289401 0.076483 
351 1.921387 0.000000 0.004100 93.219811 0.002079 -4.786029 0.128716 
352 1.896484 0.000000 0.004100 94.831736 0.001736 -4.475585 0.098691 
353 1.921387 0.000000 -0.020373 93.500286 0.002094 -2.546377 0.125121 
354 1.946289 0.000000 0.004100 88.633103 0.002171 -4.695897 0.212212 
355 1.921387 0.000000 0.028573 94.143066 0.001841 -6.525280 0.109450 
356 2.045898 0.000000 -0.020373 95.592833 0.001577 -4.174055 0.084459 
357 2.045898 0.000000 -0.069318 95.587909 0.001573 -4.134650 0.084586 
358 2.095703 0.000000 -0.020373 94.535405 0.001614 -4.342158 0.104420 
359 2.045898 0.000000 0.028573 95.615230 0.001580 -4.213082 0.083998 
360 1.971191 0.000000 0.004100 82.475588 0.001912 -4.660139 0.317606 
361 1.971191 0.000000 -0.020373 85.508260 0.002037 -3.366428 0.267700 
362 1.996094 0.000000 0.004100 82.020485 0.001779 -4.295371 0.325419 
363 1.971191 0.000000 0.028573 86.490686 0.001914 -5.016892 0.249419 
364 4.984375 0.000000 -0.754551 99.491813 -0.000000 1.471729 0.009921 
365 4.984375 0.000000 -1.537675 99.388527 -0.000000 2.068427 0.011764 
366 5.781250 0.000000 -0.754551 99.660717 -0.000000 1.620869 0.006511 
367 4.984375 0.000000 0.028573 99.677249 -0.000000 1.107714 0.006322 
368 8.968750 0.000000 -1.537675 99.862985 -0.000000 2.401709 0.002162 
369 8.968750 0.000000 -3.103923 99.785193 -0.000000 3.237818 0.003243 
370 10.562500 0.000000 -1.537675 99.908148 -0.000000 2.481559 0.001220 
371 8.968750 0.000000 0.028573 99.967106 -0.000000 1.595823 0.000403 
372 6.578125 0.000000 -0.754551 99.765651 -0.000000 1.722925 0.004385 
373 6.578125 0.000000 -1.537675 99.688318 -0.000000 2.225115 0.005729 
374 7.375000 0.000000 -0.754551 99.836362 -0.000000 1.806069 0.002944 
375 6.578125 0.000000 0.028573 99.858273 0.000000 1.401810 0.002636 
376 8.968750 0.000000 1.594821 100.015194 0.000000 2.135832 -0.000760 
377 10.562500 0.000000 1.594821 100.015239 0.000000 2.141850 -0.000764 
378 8.968750 0.000000 3.161069 100.041051 0.000000 2.948942 -0.001691 
379 4.984375 0.000000 0.811697 99.909655 0.000000 1.278319 0.001643 
380 5.781250 0.000000 0.811697 99.929911 0.000000 1.484879 0.001181 
381 4.984375 0.000000 1.594821 100.124678 0.000000 1.737370 -0.002797 
382 6.578125 0.000000 0.811697 99.950612 0.000000 1.602199 0.000731 
383 7.375000 0.000000 0.811697 99.970586 0.000000 1.675893 0.000307 
384 6.578125 0.000000 1.594821 100.034349 0.000000 2.009284 -0.001091 
385 1.697266 0.000000 0.126463 99.462637 0.001705 -6.261808 0.006797 
386 1.697266 0.000000 0.224354 98.013798 0.001497 -4.114194 0.037637 
387 1.846680 0.000000 0.077518 98.619205 0.001646 -9.063707 0.019210 
388 1.796875 0.000000 0.077518 98.789926 0.001510 -6.141387 0.020283 
389 1.846680 0.000000 0.126463 97.128823 0.001573 -4.420909 0.054645 
390 2.045898 0.000000 0.077518 95.654467 0.001582 -4.250394 0.083216 
391 2.095703 0.000000 0.077518 94.587421 0.001618 -4.412334 0.103375 
392 2.045898 0.000000 0.126463 95.708657 0.001584 -4.284788 0.082149 
1 7 12 10 11 
2 12 2 13 10 
3 1 17 15 16 
4 17 7 11 15 
5 19 21 3 22 
6 20 19 22 9 
7 11 25 23 24 
8 25 10 26 23 
9 28 20 9 30 
10 29 28 30 4 
11 15 33 31 32 
12 33 11 24 31 
13 35 37 19 38 
14 36 35 38 20 
15 24 41 39 40 
16 41 23 42 39 
17 44 36 20 46 
18 45 44 46 28 
19 31 49 47 48 
20 49 24 40 47 
21 51 53 35 54 
22 52 51 54 36 
23 40 57 55 56 
24 57 39 58 55 
25 60 52 36 62 
26 61 60 62 44 
27 47 65 63 64 
28 65 40 56 63 
29 67 69 51 70 
30 68 67 70 52 
31 56 73 71 72 
32 73 55 74 71 
33 76 68 52 78 
34 77 76 78 60 
35 63 81 79 80 
36 81 56 72 79 
37 83 85 67 86 
38 84 83 86 68 
39 72 89 87 88 
40 89 71 90 87 
41 10 93 92 26 
42 93 13 94 92 
43 92 94 8 95 
44 26 92 95 14 
45 23 97 96 42 
46 97 26 98 96 
47 96 98 14 99 
48 42 96 99 27 
49 39 101 100 58 
50 101 42 102 100 
51 100 102 27 103 
52 55 105 104 74 
53 105 58 106 104 
54 71 109 108 90 
55 109 74 110 108 
56 108 110 59 111 
57 112 84 68 114 
58 113 112 114 76 
59 115 117 83 118 
60 116 115 118 84 
61 87 121 119 120 
62 121 90 122 119 
63 79 126 124 125 
64 126 72 88 124 
65 88 130 128 129 
66 130 87 120 128 
67 14 95 132 37 
68 95 8 133 132 
69 132 133 21 134 
70 37 132 134 19 
71 27 99 135 53 
72 99 14 136 135 
73 135 136 37 137 
74 53 135 137 35 
75 103 27 139 138 
76 138 139 53 140 
77 69 138 140 51 
78 141 142 69 143 
79 85 141 143 67 
80 111 59 145 144 
81 144 145 85 146 
82 117 144 146 83 
83 147 149 117 150 
84 148 147 150 115 
85 120 153 151 152 
86 153 119 154 151 
87 156 116 84 158 
88 157 156 158 112 
89 159 148 115 161 
90 160 159 161 116 
91 128 164 162 163 
92 164 120 152 162 
93 166 168 147 169 
94 167 166 169 148 
95 152 172 170 171 
96 172 151 173 170 
97 90 176 175 122 
98 176 108 177 175 
99 175 177 111 178 
100 122 175 178 75 
101 119 180 179 154 
102 180 122 181 179 
103 179 181 75 182 
104 154 179 182 123 
105 151 184 183 173 
106 184 154 185 183 
107 183 185 123 186 
108 187 167 148 189 
109 188 187 189 159 
110 190 192 166 193 
111 191 190 193 167 
112 170 196 194 195 
113 196 173 197 194 
114 124 201 199 200 
115 201 88 129 199 
116 129 205 203 204 
117 205 128 163 203 
118 203 163 131 206 
119 204 203 206 5 
120 163 209 207 208 
121 209 162 210 207 
122 207 210 165 211 
123 208 207 211 131 
124 212 160 116 214 
125 213 212 214 156 
126 199 217 215 216 
127 217 129 204 215 
128 215 204 5 218 
129 216 215 218 202 
130 16 221 219 220 
131 221 15 32 219 
132 219 32 18 222 
133 220 219 222 6 
134 32 225 223 224 
135 225 31 48 223 
136 223 48 34 226 
137 224 223 226 18 
138 48 229 227 228 
139 229 47 64 227 
140 227 64 50 230 
141 228 227 230 34 
142 64 233 231 232 
143 233 63 80 231 
144 231 80 66 234 
145 232 231 234 50 
146 80 237 235 236 
147 237 79 125 235 
148 236 235 238 66 
149 125 241 239 240 
150 241 124 200 239 
151 200 245 243 244 
152 245 199 216 243 
153 243 216 202 246 
154 6 222 247 248 
155 222 18 45 247 
156 247 45 28 249 
157 248 247 249 29 
158 18 226 250 251 
159 226 34 61 250 
160 250 61 44 252 
161 251 250 252 45 
162 34 230 253 254 
163 230 50 77 253 
164 253 77 60 255 
165 254 253 255 61 
166 50 234 256 257 
167 234 66 113 256 
168 256 113 76 258 
169 257 256 258 77 
170 66 238 259 260 
171 259 157 112 261 
172 260 259 261 113 
173 262 213 156 264 
174 263 262 264 157 
175 239 267 265 266 
176 267 200 244 265 
177 246 202 271 269 
178 269 271 212 272 
179 270 269 272 213 
180 244 275 273 274 
181 275 243 276 273 
182 273 276 246 277 
183 274 273 277 127 
184 278 270 213 280 
185 279 278 280 262 
186 265 283 281 282 
187 283 244 274 281 
188 281 274 127 284 
189 235 287 285 286 
190 287 125 240 285 
191 285 240 82 288 
192 286 285 288 238 
193 240 291 289 290 
194 291 239 266 289 
195 289 266 242 292 
196 290 289 292 82 
197 266 295 293 294 
198 295 265 282 293 
199 293 282 268 296 
200 294 293 296 242 
201 284 127 299 297 
202 297 299 270 300 
203 298 297 300 278 
204 282 303 301 302 
205 303 281 304 301 
206 301 304 284 305 
207 302 301 305 268 
208 238 288 306 307 
209 288 82 263 306 
210 306 263 157 308 
211 307 306 308 259 
212 82 292 309 310 
213 292 242 279 309 
214 309 279 262 311 
215 310 309 311 263 
216 242 296 312 313 
217 296 268 298 312 
218 312 298 278 314 
219 313 312 314 279 
220 268 305 315 316 
221 305 284 317 315 
222 315 317 297 318 
223 316 315 318 298 
224 127 277 319 299 
225 277 246 320 319 
226 319 320 269 321 
227 299 319 321 270 
228 202 218 322 271 
229 218 5 323 322 
230 322 323 160 324 
231 271 322 324 212 
232 5 206 325 323 
233 206 131 188 325 
234 325 188 159 326 
235 323 325 326 160 
236 131 211 327 328 
237 211 165 329 327 
238 327 329 187 330 
239 328 327 330 188 
240 162 332 331 210 
241 332 152 171 331 
242 331 171 91 333 
243 210 331 333 165 
244 171 336 334 335 
245 336 170 195 334 
246 334 195 174 337 
247 335 334 337 91 
248 75 178 338 149 
249 178 111 339 338 
250 338 339 144 340 
251 149 338 340 117 
252 123 182 341 168 
253 182 75 342 341 
254 341 342 149 343 
255 168 341 343 147 
256 186 123 345 344 
257 344 345 168 346 
258 192 344 346 166 
259 174 198 347 348 
260 198 155 349 347 
261 347 349 192 350 
262 348 347 350 190 
263 195 353 351 352 
264 353 194 354 351 
265 351 354 198 355 
266 352 351 355 174 
267 173 357 356 197 
268 357 183 358 356 
269 356 358 186 359 
270 197 356 359 155 
271 194 361 360 354 
272 361 197 362 360 
273 360 362 155 363 
274 354 360 363 198 
275 74 365 364 110 
276 365 104 366 364 
277 364 366 107 367 
278 110 364 367 59 
279 58 369 368 106 
280 369 100 370 368 
281 368 370 103 371 
282 106 368 371 43 
283 104 373 372 366 
284 373 106 374 372 
285 372 374 43 375 
286 366 372 375 107 
287 43 371 376 142 
288 371 103 377 376 
289 376 377 138 378 
290 142 376 378 69 
291 59 367 379 145 
292 367 107 380 379 
293 379 380 141 381 
294 145 379 381 85 
295 107 375 382 380 
296 375 43 383 382 
297 382 383 142 384 
298 380 382 384 141 
299 165 333 385 329 
300 333 91 191 385 
301 385 191 167 386 
302 329 385 386 187 
303 91 337 387 388 
304 337 174 348 387 
305 387 348 190 389 
306 388 387 389 191 
307 155 359 390 349 
308 359 186 391 390 
309 390 391 344 392 
310 349 390 392 192 
