2 0.000000 100.000000 747.808936
592 478 
1 -50.000000 0.000000 -50.091361 99.247833 -0.000000 12.188485 0.000131 
2 52.000000 0.000000 -50.091361 99.250694 0.000000 12.151846 0.000163 
3 52.000000 0.000000 50.148507 99.267866 0.000000 12.130006 -0.000125 
4 -50.000000 0.000000 50.148507 99.262771 0.000000 12.188092 -0.000165 
5 1.000000 0.000000 0.028573 105.579974 0.000791 -1.190788 -0.114855 
6 -50.000000 0.000000 0.028573 99.255464 -0.000000 12.197409 -0.000042 
7 1.000000 0.000000 -50.091361 99.235685 0.000000 12.167659 0.000423 
8 52.000000 0.000000 0.028573 99.486636 -0.000000 10.273677 -0.000314 
9 1.000000 0.000000 50.148507 99.278937 0.000000 12.162833 -0.000424 
10 26.500000 0.000000 -25.031394 99.238996 -0.000000 12.048523 0.000645 
11 1.000000 0.000000 -25.031394 99.180181 -0.000000 12.109777 0.001664 
12 26.500000 0.000000 -50.091361 99.242786 0.000000 12.153585 0.000316 
13 52.000000 0.000000 -25.031394 99.259571 -0.000000 12.071723 0.000181 
14 26.500000 0.000000 0.028573 99.727943 -0.000000 8.226269 -0.001333 
15 -24.500000 0.000000 -25.031394 99.227056 0.000000 12.192637 0.000533 
16 -50.000000 0.000000 -25.031394 99.247988 -0.000000 12.193245 0.000116 
17 -24.500000 0.000000 -50.091361 99.240675 0.000000 12.183491 0.000285 
18 -24.500000 0.000000 0.028573 99.256400 -0.000000 12.229279 -0.000139 
19 26.500000 0.000000 25.088540 99.305760 0.000000 11.967747 -0.000486 
20 1.000000 0.000000 25.088540 99.350704 0.000000 12.092361 -0.001679 
21 52.000000 0.000000 25.088540 99.295197 0.000000 11.897980 -0.000110 
22 26.500000 0.000000 50.148507 99.274140 0.000000 12.141515 -0.000277 
23 13.750000 0.000000 -12.501411 99.191507 -0.000000 11.667246 0.002492 
24 1.000000 0.000000 -12.501411 98.971666 -0.000000 11.888236 0.006328 
25 13.750000 0.000000 -25.031394 99.208153 -0.000000 12.055454 0.001241 
26 26.500000 0.000000 -12.501411 99.271780 -0.000000 11.747896 0.000710 
27 13.750000 0.000000 0.028573 99.892463 -0.000000 6.503886 -0.002080 
28 -24.500000 0.000000 25.088540 99.287160 0.000000 12.191923 -0.000658 
29 -50.000000 0.000000 25.088540 99.262924 0.000000 12.193072 -0.000180 
30 -24.500000 0.000000 50.148507 99.271374 -0.000000 12.182174 -0.000321 
31 -11.750000 0.000000 -12.501411 99.142435 -0.000000 12.206253 0.002179 
32 -24.500000 0.000000 -12.501411 99.226900 -0.000000 12.211675 0.000490 
33 -11.750000 0.000000 -25.031394 99.198792 -0.000000 12.172095 0.001144 
34 -11.750000 0.000000 0.028573 99.250271 0.000000 12.358228 -0.000334 
35 13.750000 0.000000 12.558556 99.439422 0.000000 11.413385 -0.001846 
36 1.000000 0.000000 12.558556 99.620859 0.000000 11.835256 -0.006439 
37 26.500000 0.000000 12.558556 99.393107 0.000000 11.211706 -0.000469 
38 13.750000 0.000000 25.088540 99.330684 0.000000 12.010491 -0.001084 
39 7.375000 0.000000 -6.236419 98.986157 -0.000000 10.509395 0.009129 
40 1.000000 0.000000 -6.236419 98.306215 -0.000000 11.216776 0.021007 
41 7.375000 0.000000 -12.501411 99.077498 -0.000000 11.695159 0.004687 
42 13.750000 0.000000 -6.236419 99.290408 -0.000000 10.727406 0.002634 
43 7.375000 0.000000 0.028573 99.788169 -0.000000 5.406478 0.001309 
44 -11.750000 0.000000 12.558556 99.382912 0.000000 12.209930 -0.002605 
45 -24.500000 0.000000 12.558556 99.287256 0.000000 12.212253 -0.000710 
46 -11.750000 0.000000 25.088540 99.321473 0.000000 12.168522 -0.001283 
47 -5.375000 0.000000 -6.236419 98.809225 -0.000000 12.242675 0.008685 
48 -11.750000 0.000000 -6.236419 99.136761 -0.000000 12.281739 0.002106 
49 -5.375000 0.000000 -12.501411 99.035391 -0.000000 12.122963 0.004503 
50 -5.375000 0.000000 0.028573 99.176327 -0.000000 12.860992 -0.000135 
51 7.375000 0.000000 6.293564 99.821750 0.000000 10.000150 -0.006438 
52 1.000000 0.000000 6.293564 100.505008 0.000000 11.101643 -0.022450 
53 13.750000 0.000000 6.293564 99.622132 0.000000 9.695380 -0.001857 
54 7.375000 0.000000 12.558556 99.536341 0.000000 11.550062 -0.004089 
55 4.187500 0.000000 -3.103923 98.304180 -0.000000 8.425906 0.026529 
56 1.000000 0.000000 -3.103923 96.721307 -0.000000 9.869301 0.054759 
57 4.187500 0.000000 -6.236419 98.632290 -0.000000 10.642908 0.015840 
58 7.375000 0.000000 -3.103923 99.162266 -0.000000 8.646136 0.009209 
59 4.187500 0.000000 0.028573 99.226251 -0.000000 4.164092 0.013681 
60 -5.375000 0.000000 6.293564 99.740352 0.000000 12.300695 -0.009944 
61 -11.750000 0.000000 6.293564 99.379108 -0.000000 12.293485 -0.002734 
62 -5.375000 0.000000 12.558556 99.515902 0.000000 12.121104 -0.005034 
63 -2.187500 0.000000 -3.103923 97.705045 -0.000000 12.340565 0.030143 
64 -5.375000 0.000000 -3.103923 98.765124 -0.000000 12.529432 0.008846 
65 -2.187500 0.000000 -6.236419 98.457005 -0.000000 11.932154 0.016384 
66 -2.187500 0.000000 0.028573 98.764829 -0.000000 14.738720 0.002828 
67 4.187500 0.000000 3.161069 100.632682 0.000000 7.708594 -0.018636 
68 1.000000 0.000000 3.161069 102.762515 0.000000 9.658656 -0.065342 
69 7.375000 0.000000 3.161069 99.952889 0.000000 7.736426 -0.005043 
70 4.187500 0.000000 6.293564 100.170666 0.000000 10.297826 -0.014021 
71 2.593750 0.000000 -1.537675 96.748074 -0.000000 6.207411 0.060128 
72 1.000000 0.000000 -1.537675 94.526072 -0.000000 8.091369 0.099935 
73 2.593750 0.000000 -3.103923 97.455569 -0.000000 8.746174 0.042592 
74 4.187500 0.000000 -1.537675 98.400176 -0.000000 6.272618 0.027806 
75 2.593750 0.000000 0.028573 88.992524 0.002534 -4.665258 0.205857 
76 -2.187500 0.000000 3.161069 100.901574 0.000000 12.734942 -0.034331 
77 -5.375000 0.000000 3.161069 99.698439 0.000000 12.633465 -0.009938 
78 -2.187500 0.000000 6.293564 100.206003 0.000000 11.997051 -0.018517 
79 -0.593750 0.000000 -1.537675 94.796674 -0.000000 12.313525 0.086197 
80 -2.187500 0.000000 -1.537675 97.434404 -0.000000 13.353649 0.032822 
81 -0.593750 0.000000 -3.103923 96.841022 -0.000000 11.429490 0.049118 
82 -0.593750 0.000000 0.028573 81.947594 -0.001719 28.032205 0.249879 
83 2.593750 0.000000 1.594821 102.105290 0.000000 4.562473 -0.044631 
84 1.000000 0.000000 1.594821 106.910989 0.000000 7.357718 -0.148410 
85 4.187500 0.000000 1.594821 100.329564 0.000000 5.512577 -0.009641 
86 2.593750 0.000000 3.161069 101.680607 0.000000 8.024777 -0.040334 
87 1.796875 0.000000 -0.754551 93.567370 0.002204 -3.462273 0.123316 
88 1.000000 0.000000 -0.754551 93.065017 -0.001180 4.556348 0.131814 
89 1.796875 0.000000 -1.537675 95.590704 -0.000000 6.837498 0.081567 
90 2.593750 0.000000 -0.754551 96.537570 -0.000000 4.121969 0.066351 
91 1.796875 0.000000 0.028573 99.330240 0.002729 -8.177416 0.006663 
92 39.250000 0.000000 -12.501411 99.284649 -0.000000 11.824611 0.000274 
93 39.250000 0.000000 -25.031394 99.253669 0.000000 12.059166 0.000329 
94 52.000000 0.000000 -12.501411 99.284831 -0.000000 11.882652 0.000132 
95 39.250000 0.000000 0.028573 99.584091 -0.000000 9.459917 -0.000648 
96 20.125000 0.000000 -6.236419 99.348229 -0.000000 10.947944 0.001007 
97 20.125000 0.000000 -12.501411 99.248168 -0.000000 11.703146 0.001284 
98 26.500000 0.000000 -6.236419 99.356096 -0.000000 11.122763 0.000465 
99 20.125000 0.000000 0.028573 99.814759 -0.000000 7.424139 -0.001810 
100 10.562500 0.000000 -3.103923 99.410869 -0.000000 9.018721 0.003614 
101 10.562500 0.000000 -6.236419 99.198737 -0.000000 10.606834 0.004711 
102 13.750000 0.000000 -3.103923 99.485010 -0.000000 9.353476 0.001525 
103 10.562500 0.000000 0.028573 99.899910 -0.000000 5.971521 -0.001565 
104 5.781250 0.000000 -1.537675 99.104333 -0.000000 6.696220 0.013349 
105 5.781250 0.000000 -3.103923 98.853097 -0.000000 8.472441 0.015628 
106 7.375000 0.000000 -1.537675 99.422697 -0.000000 7.066042 0.006520 
107 5.781250 0.000000 0.028573 99.590889 -0.000000 5.006996 0.005658 
108 3.390625 0.000000 -0.754551 97.976408 -0.000000 4.517878 0.038021 
109 3.390625 0.000000 -1.537675 97.729394 -0.000000 6.103333 0.041171 
110 4.187500 0.000000 -0.754551 98.693285 -0.000000 5.021291 0.023442 
111 3.390625 0.000000 0.028573 98.829852 -0.000000 3.266353 0.022199 
112 -0.593750 0.000000 1.594821 104.277891 0.000000 14.169792 -0.107466 
113 -2.187500 0.000000 1.594821 100.715320 0.000000 13.981013 -0.033904 
114 -0.593750 0.000000 3.161069 102.246636 0.000000 11.864977 -0.059515 
115 1.796875 0.000000 0.811697 95.663930 0.002957 -6.798990 0.080219 
116 1.000000 0.000000 0.811697 121.020662 0.002819 -6.605916 -0.468964 
117 2.593750 0.000000 0.811697 100.997471 0.000000 1.970874 -0.020437 
118 1.796875 0.000000 1.594821 104.416354 0.000000 4.850592 -0.092630 
119 2.195312 0.000000 -0.362989 92.942593 0.002278 -3.749521 0.134762 
120 1.796875 0.000000 -0.362989 95.829777 0.002166 -3.627288 0.080350 
121 2.195312 0.000000 -0.754551 87.101054 0.002320 -2.475091 0.240728 
122 2.593750 0.000000 -0.362989 89.033720 0.002531 -4.605854 0.205178 
123 2.195312 0.000000 0.028573 93.957624 0.002459 -4.541455 0.115134 
124 0.203125 0.000000 -0.754551 79.239619 -0.002069 19.568987 0.333814 
125 -0.593750 0.000000 -0.754551 92.938090 -0.000000 14.846673 0.114209 
126 0.203125 0.000000 -1.537675 93.943711 -0.000000 10.144517 0.107167 
127 0.203125 0.000000 0.028573 102.575258 -0.000926 19.612840 -0.090635 
128 1.398438 0.000000 -0.362989 98.954660 0.001881 -3.194824 0.019777 
129 1.000000 0.000000 -0.362989 104.253863 0.000661 -1.065545 -0.087000 
130 1.398438 0.000000 -0.754551 98.022517 0.000976 1.611297 0.038899 
131 1.398438 0.000000 0.028573 101.584112 0.001997 -3.446679 -0.033121 
132 39.250000 0.000000 12.558556 99.415721 0.000000 10.918723 -0.000270 
133 52.000000 0.000000 12.558556 99.466938 0.000000 10.473064 -0.000336 
134 39.250000 0.000000 25.088540 99.296151 0.000000 11.935465 -0.000218 
135 20.125000 0.000000 6.293564 99.627761 0.000000 9.288540 -0.001197 
136 26.500000 0.000000 6.293564 99.680087 0.000000 8.768009 -0.001300 
137 20.125000 0.000000 12.558556 99.400608 0.000000 11.318216 -0.000858 
138 10.562500 0.000000 3.161069 99.858893 0.000000 7.585064 -0.002933 
139 13.750000 0.000000 3.161069 99.860185 0.000000 7.331415 -0.002581 
140 10.562500 0.000000 6.293564 99.671209 0.000000 9.853535 -0.003144 
141 5.781250 0.000000 1.594821 99.990749 0.000000 6.030419 -0.003452 
142 7.375000 0.000000 1.594821 99.933222 0.000000 6.203756 -0.002514 
143 5.781250 0.000000 3.161069 100.146455 0.000000 7.724974 -0.008899 
144 3.390625 0.000000 0.811697 100.072217 0.000000 3.652092 -0.002779 
145 4.187500 0.000000 0.811697 99.849796 0.000000 4.511556 0.000966 
146 3.390625 0.000000 1.594821 100.885804 0.000000 5.037934 -0.020333 
147 2.195312 0.000000 0.420135 94.473478 0.002655 -5.428221 0.104530 
148 1.796875 0.000000 0.420135 97.584384 0.002441 -4.800050 0.045425 
149 2.593750 0.000000 0.420135 88.496922 0.002822 -6.637486 0.212424 
150 2.195312 0.000000 0.811697 88.442177 0.002812 -9.619602 0.208544 
151 1.996094 0.000000 -0.167208 95.250538 0.002366 -4.227993 0.090946 
152 1.796875 0.000000 -0.167208 95.838907 0.002205 -3.788279 0.080055 
153 1.996094 0.000000 -0.362989 94.371413 0.002260 -3.747603 0.107999 
154 2.195312 0.000000 -0.167208 93.957390 0.002442 -4.427883 0.115240 
155 1.996094 0.000000 0.028573 84.609850 0.002187 -4.604601 0.281997 
156 0.203125 0.000000 0.811697 101.724641 -0.000572 36.939985 -0.171247 
157 -0.593750 0.000000 0.811697 104.360981 0.000000 18.426315 -0.123074 
158 0.203125 0.000000 1.594821 106.945310 0.000000 11.606561 -0.157201 
159 1.398438 0.000000 0.420135 99.934990 0.002052 -3.929508 -0.000244 
160 1.000000 0.000000 0.420135 108.534886 0.001040 -0.069945 -0.177983 
161 1.398438 0.000000 0.811697 110.732993 0.003560 -10.323483 -0.236837 
162 1.597656 0.000000 -0.167208 97.113593 0.001808 -2.506733 0.056267 
163 1.398438 0.000000 -0.167208 98.063864 0.001390 -1.337498 0.038169 
164 1.597656 0.000000 -0.362989 97.478289 0.002135 -3.671215 0.048451 
165 1.597656 0.000000 0.028573 100.192810 0.002298 -4.454821 -0.005844 
166 1.996094 0.000000 0.224354 95.550388 0.002415 -4.535508 0.084955 
167 1.796875 0.000000 0.224354 97.137156 0.002297 -4.343062 0.054551 
168 2.195312 0.000000 0.224354 94.161474 0.002473 -4.646851 0.111202 
169 1.996094 0.000000 0.420135 95.981531 0.002572 -5.135615 0.076117 
170 1.896484 0.000000 -0.069318 94.891480 0.002091 -1.511420 0.099332 
171 1.796875 0.000000 -0.069318 95.996549 0.001744 -1.202734 0.078322 
172 1.896484 0.000000 -0.167208 95.556849 0.002354 -4.193099 0.085131 
173 1.996094 0.000000 -0.069318 95.235580 0.002381 -4.307924 0.091163 
174 1.896484 0.000000 0.028573 94.987451 0.002677 -6.389331 0.093656 
175 2.992188 0.000000 -0.362989 97.732880 -0.000000 3.264139 0.043763 
176 2.992188 0.000000 -0.754551 97.380464 -0.000000 4.267514 0.049883 
177 3.390625 0.000000 -0.362989 98.314343 -0.000000 3.757632 0.032017 
178 2.992188 0.000000 0.028573 98.447639 -0.000000 2.517246 0.030173 
179 2.394531 0.000000 -0.167208 92.685457 0.002471 -4.568389 0.138854 
180 2.394531 0.000000 -0.362989 91.195102 0.002480 -4.584204 0.166244 
181 2.593750 0.000000 -0.167208 88.993438 0.002532 -4.630930 0.205872 
182 2.394531 0.000000 0.028573 92.683726 0.002480 -4.641205 0.138819 
183 2.095703 0.000000 -0.069318 94.053309 0.002448 -4.473528 0.113396 
184 2.095703 0.000000 -0.167208 94.074792 0.002438 -4.408553 0.113050 
185 2.195312 0.000000 -0.069318 93.930241 0.002451 -4.482634 0.115702 
186 2.095703 0.000000 0.028573 94.088681 0.002458 -4.544470 0.112667 
187 1.597656 0.000000 0.224354 100.257022 0.002510 -5.266625 -0.007921 
188 1.398438 0.000000 0.224354 103.142614 0.002500 -5.411236 -0.066768 
189 1.597656 0.000000 0.420135 98.233578 0.002282 -4.383071 0.033095 
190 1.896484 0.000000 0.126463 95.748363 0.002403 -4.477124 0.081221 
191 1.796875 0.000000 0.126463 98.290485 0.002619 -6.478285 0.029701 
192 1.996094 0.000000 0.126463 95.396753 0.002406 -4.472554 0.087946 
193 1.896484 0.000000 0.224354 95.888703 0.002415 -4.549984 0.078465 
194 1.946289 0.000000 -0.020373 91.969550 0.003219 -2.417011 0.153576 
195 1.896484 0.000000 -0.020373 93.975903 0.002560 -3.102438 0.115890 
196 1.946289 0.000000 -0.069318 95.389905 0.002376 -4.297292 0.088230 
197 1.996094 0.000000 -0.020373 83.744707 0.002324 -3.603863 0.297384 
198 1.946289 0.000000 0.028573 93.583789 0.002767 -7.817779 0.118096 
199 0.601562 0.000000 -0.362989 96.974553 -0.000822 11.526506 0.046308 
200 0.203125 0.000000 -0.362989 92.066434 -0.001389 16.249819 0.125972 
201 0.601562 0.000000 -0.754551 88.324779 -0.002177 -1.954717 0.219491 
202 0.601562 0.000000 0.028573 102.365754 -0.000549 8.222925 -0.054636 
203 1.199219 0.000000 -0.167208 99.163187 0.001085 -1.022703 0.016562 
204 1.000000 0.000000 -0.167208 102.242505 0.000336 0.308078 -0.045362 
205 1.199219 0.000000 -0.362989 100.816531 0.001392 -2.472312 -0.017009 
206 1.199219 0.000000 0.028573 102.972664 0.001570 -2.469729 -0.060947 
207 1.498047 0.000000 -0.069318 97.882429 0.001333 -0.245308 0.041897 
208 1.398438 0.000000 -0.069318 98.876369 0.001461 -1.433824 0.022141 
209 1.498047 0.000000 -0.167208 98.230566 0.001705 -2.170979 0.034604 
210 1.597656 0.000000 -0.069318 98.025699 0.001686 -1.790474 0.038776 
211 1.498047 0.000000 0.028573 101.583768 0.002410 -4.760985 -0.034193 
212 0.601562 0.000000 0.420135 99.939273 -0.000590 12.299534 -0.013914 
213 0.203125 0.000000 0.420135 96.909711 -0.001014 17.574100 0.029966 
214 0.601562 0.000000 0.811697 129.896062 0.000979 11.781831 -0.701180 
215 0.800781 0.000000 -0.167208 98.153775 -0.000477 7.254236 0.031321 
216 0.601562 0.000000 -0.167208 96.768714 -0.000919 8.484615 0.056383 
217 0.800781 0.000000 -0.362989 101.747844 -0.000345 4.079568 -0.036927 
218 0.800781 0.000000 0.028573 102.590787 -0.000087 5.783545 -0.055832 
219 -37.250000 0.000000 -12.501411 99.245381 0.000000 12.201660 0.000147 
220 -50.000000 0.000000 -12.501411 99.250731 0.000000 12.196114 0.000055 
221 -37.250000 0.000000 -25.031394 99.241595 -0.000000 12.194632 0.000240 
222 -37.250000 0.000000 0.028573 99.255883 -0.000000 12.205629 -0.000071 
223 -18.125000 0.000000 -6.236419 99.214358 0.000000 12.245079 0.000657 
224 -24.500000 0.000000 -6.236419 99.237465 0.000000 12.223527 0.000251 
225 -18.125000 0.000000 -12.501411 99.200641 0.000000 12.216370 0.000999 
226 -18.125000 0.000000 0.028573 99.255971 0.000000 12.262604 -0.000212 
227 -8.562500 0.000000 -3.103923 99.067055 -0.000000 12.432166 0.003116 
228 -11.750000 0.000000 -3.103923 99.175667 0.000000 12.331321 0.001213 
229 -8.562500 0.000000 -6.236419 99.030303 0.000000 12.295320 0.004182 
230 -8.562500 0.000000 0.028573 99.234172 -0.000000 12.503560 -0.000376 
231 -3.781250 0.000000 -1.537675 98.509913 -0.000000 13.005118 0.012666 
232 -5.375000 0.000000 -1.537675 98.896780 -0.000000 12.733640 0.005728 
233 -3.781250 0.000000 -3.103923 98.385040 -0.000000 12.550917 0.016286 
234 -3.781250 0.000000 0.028573 99.079175 -0.000000 13.363021 0.000475 
235 -1.390625 0.000000 -0.754551 96.410667 -0.000000 14.894873 0.048313 
236 -2.187500 0.000000 -0.754551 97.801995 -0.000000 14.150403 0.023454 
237 -1.390625 0.000000 -1.537675 96.315160 -0.000000 13.267977 0.054735 
238 -1.390625 0.000000 0.028573 98.254902 -0.000000 16.573730 0.007129 
239 -0.195312 0.000000 -0.362989 85.885455 -0.001711 21.649262 0.215500 
240 -0.593750 0.000000 -0.362989 74.439985 -0.001865 31.499615 0.346646 
241 -0.195312 0.000000 -0.754551 67.884331 -0.002244 23.556938 0.483679 
242 -0.195312 0.000000 0.028573 88.893724 -0.001514 22.415578 0.159545 
243 0.402344 0.000000 -0.167208 94.594384 -0.001289 9.455679 0.096249 
244 0.203125 0.000000 -0.167208 91.708946 -0.001480 11.580611 0.145536 
245 0.402344 0.000000 -0.362989 94.754392 -0.001131 13.684928 0.083433 
246 0.402344 0.000000 0.028573 103.153190 -0.000760 12.406623 -0.079450 
247 -37.250000 0.000000 12.558556 99.266520 -0.000000 12.201669 -0.000272 
248 -50.000000 0.000000 12.558556 99.260209 0.000000 12.196058 -0.000133 
249 -37.250000 0.000000 25.088540 99.270315 0.000000 12.194344 -0.000330 
250 -18.125000 0.000000 6.293564 99.299889 0.000000 12.247705 -0.001047 
251 -24.500000 0.000000 6.293564 99.275848 -0.000000 12.224231 -0.000513 
252 -18.125000 0.000000 12.558556 99.316451 0.000000 12.218049 -0.001304 
253 -8.562500 0.000000 3.161069 99.422147 0.000000 12.462823 -0.004009 
254 -11.750000 0.000000 3.161069 99.330171 -0.000000 12.340952 -0.001878 
255 -8.562500 0.000000 6.293564 99.490201 0.000000 12.321993 -0.005013 
256 -3.781250 0.000000 1.594821 99.774664 0.000000 13.207197 -0.012941 
257 -5.375000 0.000000 1.594821 99.493325 0.000000 12.812424 -0.006308 
258 -3.781250 0.000000 3.161069 100.086044 0.000000 12.760934 -0.018006 
259 -1.390625 0.000000 0.811697 100.889025 0.000000 16.079256 -0.043714 
260 -2.187500 0.000000 0.811697 99.946034 0.000000 14.627927 -0.020319 
261 -1.390625 0.000000 1.594821 101.954217 0.000000 14.421633 -0.060265 
262 -0.195312 0.000000 0.420135 91.278934 -0.001378 23.919983 0.109599 
263 -0.593750 0.000000 0.420135 75.880469 -0.001626 39.942699 0.264674 
264 -0.195312 0.000000 0.811697 103.222095 -0.000617 57.159554 -0.392202 
265 0.003906 0.000000 -0.167208 90.721715 -0.001419 18.821160 0.141533 
266 -0.195312 0.000000 -0.167208 88.205404 -0.001553 21.546863 0.175554 
267 0.003906 0.000000 -0.362989 89.075775 -0.001576 18.955729 0.170619 
268 0.003906 0.000000 0.028573 74.713089 -0.001253 74.709522 -0.116356 
269 0.402344 0.000000 0.224354 106.079333 -0.000505 13.758615 -0.144212 
270 0.203125 0.000000 0.224354 95.983965 -0.001074 17.159323 0.049264 
271 0.601562 0.000000 0.224354 106.149192 -0.000136 9.232742 -0.135289 
272 0.402344 0.000000 0.420135 99.030251 -0.000724 14.322572 -0.001213 
273 0.302734 0.000000 -0.069318 91.321229 -0.001808 5.920430 0.162538 
274 0.203125 0.000000 -0.069318 86.683647 -0.002239 -0.647217 0.248553 
275 0.302734 0.000000 -0.167208 93.367317 -0.001421 11.552730 0.114908 
276 0.402344 0.000000 -0.069318 94.595747 -0.001353 8.793705 0.097432 
277 0.302734 0.000000 0.028573 100.060518 -0.001084 13.942342 -0.020650 
278 0.003906 0.000000 0.224354 93.066142 -0.001301 20.216574 0.092998 
279 -0.195312 0.000000 0.224354 90.135797 -0.001464 22.796345 0.135586 
280 0.003906 0.000000 0.420135 94.257559 -0.001229 20.788035 0.068337 
281 0.103516 0.000000 -0.069318 77.811721 -0.002655 -6.493224 0.390317 
282 0.003906 0.000000 -0.069318 78.285025 -0.001995 7.466100 0.381571 
283 0.103516 0.000000 -0.167208 91.517416 -0.001404 18.118526 0.129628 
284 0.103516 0.000000 0.028573 105.039233 -0.000992 27.988824 -0.181661 
285 -0.992188 0.000000 -0.362989 95.692964 -0.000000 16.942475 0.055581 
286 -1.390625 0.000000 -0.362989 97.062891 -0.000000 15.877870 0.032669 
287 -0.992188 0.000000 -0.754551 95.057306 -0.000000 15.143126 0.073479 
288 -0.992188 0.000000 0.028573 97.640040 -0.000000 18.425592 0.012692 
289 -0.394531 0.000000 -0.167208 85.538487 -0.001648 24.269024 0.209418 
290 -0.593750 0.000000 -0.167208 75.755506 -0.001942 27.723290 0.349252 
291 -0.394531 0.000000 -0.362989 81.858095 -0.001824 24.335913 0.270702 
292 -0.394531 0.000000 0.028573 86.059047 -0.001619 24.930009 0.197234 
293 -0.095703 0.000000 -0.069318 88.961979 -0.001540 20.865177 0.165041 
294 -0.195312 0.000000 -0.069318 88.448351 -0.001536 22.012815 0.169233 
295 -0.095703 0.000000 -0.167208 88.485426 -0.001553 21.167037 0.172229 
296 -0.095703 0.000000 0.028573 90.871055 -0.001370 21.033376 0.130005 
297 0.103516 0.000000 0.126463 110.335632 -0.000811 29.098302 -0.302066 
298 0.003906 0.000000 0.126463 92.347798 -0.001334 20.103489 0.106773 
299 0.203125 0.000000 0.126463 114.264444 -0.000554 22.841638 -0.357810 
300 0.103516 0.000000 0.224354 94.008567 -0.001273 19.570142 0.077940 
301 0.053711 0.000000 -0.020373 71.563616 -0.002428 -1.509426 0.487637 
302 0.003906 0.000000 -0.020373 24.782733 -0.002577 8.192678 0.931870 
303 0.053711 0.000000 -0.069318 72.796975 -0.002406 -1.063845 0.469947 
304 0.103516 0.000000 -0.020373 85.915394 -0.001917 7.977605 0.255490 
305 0.053711 0.000000 0.028573 110.452159 -0.000816 46.849708 -0.439457 
306 -0.992188 0.000000 0.420135 100.213520 -0.000000 18.420152 -0.038205 
307 -1.390625 0.000000 0.420135 99.689055 -0.000000 16.630164 -0.021447 
308 -0.992188 0.000000 0.811697 102.028860 0.000000 17.169014 -0.070466 
309 -0.394531 0.000000 0.224354 86.958471 -0.001586 25.290043 0.179864 
310 -0.593750 0.000000 0.224354 82.265169 -0.001594 32.094515 0.220238 
311 -0.394531 0.000000 0.420135 87.762960 -0.001487 27.440353 0.154469 
312 -0.095703 0.000000 0.126463 91.555119 -0.001338 21.313813 0.116338 
313 -0.195312 0.000000 0.126463 89.487246 -0.001489 22.686752 0.147734 
314 -0.095703 0.000000 0.224354 92.287936 -0.001306 21.403629 0.102482 
315 0.053711 0.000000 0.077518 111.479110 -0.000787 44.734872 -0.442880 
316 0.003906 0.000000 0.077518 101.871647 -0.001056 38.669406 -0.187316 
317 0.103516 0.000000 0.077518 129.714111 -0.000285 44.948977 -0.884616 
318 0.053711 0.000000 0.126463 103.094673 -0.001034 27.026628 -0.135895 
319 0.302734 0.000000 0.126463 123.354721 -0.000116 17.908783 -0.553711 
320 0.402344 0.000000 0.126463 108.206340 -0.000444 13.546580 -0.189212 
321 0.302734 0.000000 0.224354 102.898270 -0.000823 16.649617 -0.086526 
322 0.800781 0.000000 0.224354 105.526773 0.000292 5.877382 -0.117044 
323 1.000000 0.000000 0.224354 109.387266 0.001325 -2.255732 -0.197066 
324 0.800781 0.000000 0.420135 110.368965 0.000382 4.752053 -0.220389 
325 1.199219 0.000000 0.224354 105.258091 0.002099 -4.162609 -0.109659 
326 1.199219 0.000000 0.420135 104.197022 0.001654 -3.061827 -0.086639 
327 1.498047 0.000000 0.126463 102.899012 0.002800 -6.426676 -0.062951 
328 1.398438 0.000000 0.126463 103.130155 0.002406 -5.224597 -0.066313 
329 1.597656 0.000000 0.126463 101.553306 0.002827 -6.981426 -0.036181 
330 1.498047 0.000000 0.224354 100.736082 0.002407 -5.152574 -0.017431 
331 1.697266 0.000000 -0.069318 97.089933 0.001772 -1.571263 0.057108 
332 1.697266 0.000000 -0.167208 97.180543 0.002199 -3.886810 0.054083 
333 1.697266 0.000000 0.028573 99.187452 0.002418 -5.120424 0.013563 
334 1.846680 0.000000 -0.020373 95.956316 0.002025 -2.256387 0.078729 
335 1.796875 0.000000 -0.020373 96.145817 0.001637 -0.234093 0.075593 
336 1.846680 0.000000 -0.069318 94.783902 0.001736 0.003862 0.101601 
337 1.846680 0.000000 0.028573 97.500451 0.002464 -6.894580 0.044613 
338 2.992188 0.000000 0.420135 99.437100 0.000000 2.418612 0.010641 
339 3.390625 0.000000 0.420135 99.459326 0.000000 3.250457 0.009728 
340 2.992188 0.000000 0.811697 100.365198 0.000000 2.956887 -0.008192 
341 2.394531 0.000000 0.224354 92.806736 0.002488 -4.713012 0.136470 
342 2.593750 0.000000 0.224354 89.036243 0.002535 -4.700489 0.205045 
343 2.394531 0.000000 0.420135 91.344302 0.002499 -4.799408 0.163318 
344 2.095703 0.000000 0.126463 94.179697 0.002468 -4.612418 0.110891 
345 2.195312 0.000000 0.126463 94.039350 0.002467 -4.598085 0.113546 
346 2.095703 0.000000 0.224354 94.309383 0.002476 -4.669416 0.108394 
347 1.946289 0.000000 0.077518 95.497580 0.002399 -4.434582 0.086055 
348 1.896484 0.000000 0.077518 96.909597 0.002632 -7.703827 0.054918 
349 1.996094 0.000000 0.077518 95.334149 0.002401 -4.434504 0.089174 
350 1.946289 0.000000 0.126463 95.559935 0.002405 -4.475842 0.084827 
351 1.921387 0.000000 0.004100 92.753897 0.002901 -4.907944 0.137263 
352 1.896484 0.000000 0.004100 94.335974 0.002621 -4.617363 0.107940 
353 1.921387 0.000000 -0.020373 92.875597 0.002988 -2.680909 0.136694 
354 1.946289 0.000000 0.004100 88.197416 0.002818 -4.788312 0.219829 
355 1.921387 0.000000 0.028573 93.806969 0.002643 -6.654807 0.115597 
356 2.045898 0.000000 -0.020373 95.122272 0.002390 -4.355878 0.093278 
357 2.045898 0.000000 -0.069318 95.109578 0.002384 -4.316565 0.093554 
358 2.095703 0.000000 -0.020373 94.063541 0.002453 -4.508786 0.113172 
359 2.045898 0.000000 0.028573 95.152589 0.002396 -4.395046 0.092667 
360 1.971191 0.000000 0.004100 82.070047 0.002320 -4.718231 0.324225 
361 1.971191 0.000000 -0.020373 85.037723 0.002626 -3.451461 0.275667 
362 1.996094 0.000000 0.004100 81.613343 0.002174 -4.359873 0.332025 
363 1.971191 0.000000 0.028573 86.090398 0.002441 -5.103941 0.256239 
364 4.984375 0.000000 0.811697 99.807878 0.000000 4.968363 0.001370 
365 4.984375 0.000000 0.028573 99.441289 -0.000000 4.696730 0.008937 
366 5.781250 0.000000 0.811697 99.816388 0.000000 5.269903 0.000892 
367 4.984375 0.000000 1.594821 100.102724 0.000000 5.805853 -0.005426 
368 8.968750 0.000000 1.594821 99.943429 0.000000 6.207029 -0.002722 
369 8.968750 0.000000 0.028573 99.875093 -0.000000 5.711874 -0.000766 
370 10.562500 0.000000 1.594821 99.963117 0.000000 6.117800 -0.003005 
371 8.968750 0.000000 3.161069 99.880223 0.000000 7.688505 -0.003517 
372 6.578125 0.000000 0.811697 99.847564 0.000000 5.430538 0.000097 
373 6.578125 0.000000 0.028573 99.702713 -0.000000 5.230085 0.003202 
374 7.375000 0.000000 0.811697 99.890511 0.000000 5.518355 -0.000857 
375 6.578125 0.000000 1.594821 99.944890 0.000000 6.146152 -0.002676 
376 8.968750 0.000000 -1.537675 99.566147 -0.000000 7.383452 0.003207 
377 8.968750 0.000000 -3.103923 99.327540 -0.000000 8.841465 0.005587 
378 10.562500 0.000000 -1.537675 99.624782 -0.000000 7.642147 0.001650 
379 6.578125 0.000000 -0.754551 99.492793 -0.000000 5.958618 0.006568 
380 5.781250 0.000000 -0.754551 99.329271 -0.000000 5.719244 0.010099 
381 6.578125 0.000000 -1.537675 99.294165 -0.000000 6.888257 0.009322 
382 7.375000 0.000000 -0.754551 99.602851 -0.000000 6.166641 0.004124 
383 6.179688 0.000000 0.420135 99.747487 0.000000 5.122480 0.002420 
384 5.781250 0.000000 0.420135 99.710407 0.000000 5.018760 0.003265 
385 6.179688 0.000000 0.028573 99.649890 -0.000000 5.127182 0.004361 
386 6.578125 0.000000 0.420135 99.784363 0.000000 5.204830 0.001599 
387 6.179688 0.000000 0.811697 99.829624 0.000000 5.361186 0.000530 
388 4.984375 0.000000 -0.754551 99.078280 -0.000000 5.396278 0.015437 
389 4.984375 0.000000 -1.537675 98.813394 -0.000000 6.462620 0.019415 
390 5.382812 0.000000 0.420135 99.669899 0.000000 4.858411 0.004231 
391 4.984375 0.000000 0.420135 99.629973 0.000000 4.690953 0.005186 
392 5.382812 0.000000 0.028573 99.519672 -0.000000 4.834121 0.007247 
393 5.382812 0.000000 0.811697 99.814807 0.000000 5.111507 0.001088 
394 6.179688 0.000000 -0.362989 99.536338 -0.000000 5.413239 0.006321 
395 5.781250 0.000000 -0.362989 99.459926 -0.000000 5.284133 0.007980 
396 6.179688 0.000000 -0.754551 99.418811 -0.000000 5.843958 0.008175 
397 6.578125 0.000000 -0.362989 99.601017 -0.000000 5.529200 0.004907 
398 5.980469 0.000000 0.224354 99.677139 -0.000000 5.033333 0.003913 
399 5.781250 0.000000 0.224354 99.652478 -0.000000 4.974568 0.004464 
400 5.980469 0.000000 0.028573 99.621188 -0.000000 5.069645 0.004992 
401 6.179688 0.000000 0.224354 99.700994 -0.000000 5.086416 0.003384 
402 5.980469 0.000000 0.420135 99.728972 0.000000 5.073648 0.002839 
403 5.382812 0.000000 -0.362989 99.366246 -0.000000 5.122112 0.010011 
404 4.984375 0.000000 -0.362989 99.252333 -0.000000 4.933809 0.012463 
405 5.382812 0.000000 -0.754551 99.225582 -0.000000 5.609572 0.012282 
406 5.980469 0.000000 -0.167208 99.561559 -0.000000 5.181164 0.006065 
407 5.781250 0.000000 -0.167208 99.526216 -0.000000 5.115696 0.006836 
408 5.980469 0.000000 -0.362989 99.499697 -0.000000 5.350647 0.007118 
409 6.179688 0.000000 -0.167208 99.594510 -0.000000 5.242140 0.005345 
410 8.171875 0.000000 0.811697 99.927684 0.000000 5.561287 -0.001647 
411 8.171875 0.000000 0.028573 99.843165 -0.000000 5.564355 0.000038 
412 8.968750 0.000000 0.811697 99.954306 0.000000 5.582644 -0.002203 
413 8.171875 0.000000 1.594821 99.936091 0.000000 6.219329 -0.002590 
414 6.976562 0.000000 0.420135 99.820337 0.000000 5.271216 0.000811 
415 6.976562 0.000000 0.028573 99.749140 -0.000000 5.321641 0.002179 
416 7.375000 0.000000 0.420135 99.853051 0.000000 5.326488 0.000100 
417 6.976562 0.000000 0.811697 99.868706 0.000000 5.481817 -0.000381 
418 6.378906 0.000000 0.224354 99.724091 -0.000000 5.134594 0.002874 
419 6.378906 0.000000 0.028573 99.677069 -0.000000 5.180406 0.003765 
420 6.578125 0.000000 0.224354 99.746401 0.000000 5.178637 0.002384 
421 6.378906 0.000000 0.420135 99.765964 0.000000 5.165978 0.002007 
422 6.080078 0.000000 0.126463 99.662997 -0.000000 5.069844 0.004158 
423 5.980469 0.000000 0.126463 99.649678 -0.000000 5.041539 0.004452 
424 6.080078 0.000000 0.028573 99.635731 -0.000000 5.099002 0.004672 
425 6.179688 0.000000 0.126463 99.676029 -0.000000 5.096897 0.003871 
426 6.080078 0.000000 0.224354 99.689162 -0.000000 5.060535 0.003646 
427 8.171875 0.000000 -0.754551 99.674103 -0.000000 6.353664 0.002470 
428 8.171875 0.000000 -1.537675 99.508896 -0.000000 7.230730 0.004570 
429 8.968750 0.000000 -0.754551 99.718732 -0.000000 6.524211 0.001361 
430 6.976562 0.000000 -0.362989 99.654943 -0.000000 5.636142 0.003713 
431 6.976562 0.000000 -0.754551 99.553521 -0.000000 6.065673 0.005230 
432 7.375000 0.000000 -0.362989 99.698904 -0.000000 5.736715 0.002722 
433 6.378906 0.000000 -0.167208 99.625201 -0.000000 5.299381 0.004674 
434 6.378906 0.000000 -0.362989 99.570070 -0.000000 5.472570 0.005585 
435 6.578125 0.000000 -0.167208 99.653671 -0.000000 5.353569 0.004049 
436 6.279297 0.000000 0.126463 99.688777 -0.000000 5.122795 0.003590 
437 6.279297 0.000000 0.028573 99.663669 -0.000000 5.154285 0.004059 
438 6.378906 0.000000 0.126463 99.701241 -0.000000 5.147637 0.003316 
439 6.279297 0.000000 0.224354 99.712638 -0.000000 5.111070 0.003127 
440 13.750000 0.000000 37.618523 99.293563 0.000000 12.117174 -0.000604 
441 1.000000 0.000000 37.618523 99.297719 0.000000 12.144286 -0.000752 
442 26.500000 0.000000 37.618523 99.284590 -0.000000 12.098747 -0.000381 
443 13.750000 0.000000 50.148507 99.277723 -0.000000 12.150916 -0.000371 
444 7.375000 0.000000 18.823548 99.405000 0.000000 11.920141 -0.002344 
445 1.000000 0.000000 18.823548 99.423219 0.000000 12.022336 -0.002951 
446 13.750000 0.000000 18.823548 99.369114 0.000000 11.852907 -0.001471 
447 7.375000 0.000000 25.088540 99.345237 0.000000 12.046251 -0.001459 
448 4.187500 0.000000 9.426060 99.801432 0.000000 11.269613 -0.008733 
449 1.000000 0.000000 9.426060 99.876300 0.000000 11.608681 -0.011004 
450 7.375000 0.000000 9.426060 99.656709 0.000000 11.067588 -0.005395 
451 4.187500 0.000000 12.558556 99.594804 0.000000 11.673030 -0.005538 
452 5.781250 0.000000 4.727317 100.096202 0.000000 9.135200 -0.010270 
453 4.187500 0.000000 4.727317 100.434695 0.000000 9.307407 -0.017376 
454 7.375000 0.000000 4.727317 99.903036 0.000000 9.052464 -0.006256 
455 5.781250 0.000000 6.293564 99.967995 0.000000 10.110176 -0.009582 
456 6.578125 0.000000 2.377945 100.005068 0.000000 6.947107 -0.004928 
457 5.781250 0.000000 2.377945 100.101747 0.000000 6.885281 -0.006777 
458 7.375000 0.000000 2.377945 99.953760 0.000000 6.973974 -0.003939 
459 6.578125 0.000000 3.161069 100.026899 0.000000 7.737798 -0.006525 
460 6.179688 0.000000 1.203259 99.901154 0.000000 5.707799 -0.001282 
461 5.781250 0.000000 1.203259 99.910448 0.000000 5.627960 -0.001377 
462 6.578125 0.000000 1.203259 99.900494 0.000000 5.767707 -0.001338 
463 6.179688 0.000000 1.594821 99.961971 0.000000 6.096680 -0.002957 
464 5.980469 0.000000 0.615916 99.777158 0.000000 5.175518 0.001773 
465 5.781250 0.000000 0.615916 99.764908 0.000000 5.123942 0.002071 
466 6.179688 0.000000 0.615916 99.790068 0.000000 5.220926 0.001468 
467 5.980469 0.000000 0.811697 99.822344 0.000000 5.318576 0.000721 
468 6.080078 0.000000 0.322244 99.714220 0.000000 5.070696 0.003136 
469 5.980469 0.000000 0.322244 99.703554 0.000000 5.044571 0.003375 
470 6.179688 0.000000 0.322244 99.724789 0.000000 5.095441 0.002900 
471 6.080078 0.000000 0.420135 99.738234 0.000000 5.098775 0.002629 
472 6.129883 0.000000 0.175408 99.682469 -0.000000 5.076090 0.003764 
473 6.080078 0.000000 0.175408 99.676219 -0.000000 5.062702 0.003902 
474 6.129883 0.000000 0.126463 99.669548 -0.000000 5.083521 0.004014 
475 6.179688 0.000000 0.175408 99.688660 -0.000000 5.089169 0.003627 
476 6.129883 0.000000 0.224354 99.695102 -0.000000 5.073635 0.003514 
477 6.080078 0.000000 -0.069318 99.607452 -0.000000 5.147104 0.005186 
478 5.980469 0.000000 -0.069318 99.591761 -0.000000 5.116827 0.005530 
479 6.080078 0.000000 -0.167208 99.578322 -0.000000 5.212165 0.005699 
480 6.179688 0.000000 -0.069318 99.622662 -0.000000 5.176281 0.004853 
481 6.129883 0.000000 0.077518 99.656342 -0.000000 5.095929 0.004265 
482 6.080078 0.000000 0.077518 99.649498 -0.000000 5.081969 0.004415 
483 6.129883 0.000000 0.028573 99.642858 -0.000000 5.113233 0.004516 
484 6.179688 0.000000 0.077518 99.663103 -0.000000 5.109597 0.004116 
485 6.378906 0.000000 0.615916 99.803583 0.000000 5.260825 0.001157 
486 6.578125 0.000000 0.615916 99.817624 0.000000 5.295803 0.000840 
487 6.378906 0.000000 0.811697 99.838081 0.000000 5.398337 0.000322 
488 6.279297 0.000000 0.322244 99.735261 0.000000 5.118899 0.002667 
489 6.378906 0.000000 0.322244 99.745634 0.000000 5.141163 0.002438 
490 6.279297 0.000000 0.420135 99.756731 0.000000 5.144852 0.002213 
491 6.229492 0.000000 0.175408 99.694792 -0.000000 5.101949 0.003492 
492 6.229492 0.000000 0.126463 99.682439 -0.000000 5.109984 0.003730 
493 6.279297 0.000000 0.175408 99.700865 -0.000000 5.114444 0.003358 
494 6.229492 0.000000 0.224354 99.706840 -0.000000 5.098890 0.003255 
495 6.154785 0.000000 0.150936 99.679221 -0.000000 5.085833 0.003819 
496 6.129883 0.000000 0.150936 99.676045 -0.000000 5.079182 0.003889 
497 6.154785 0.000000 0.126463 99.672797 -0.000000 5.090246 0.003942 
498 6.179688 0.000000 0.150936 99.682381 -0.000000 5.092409 0.003749 
499 6.154785 0.000000 0.175408 99.685572 -0.000000 5.082667 0.003695 
500 6.279297 0.000000 -0.069318 99.637398 -0.000000 5.204457 0.004530 
501 6.279297 0.000000 -0.167208 99.610134 -0.000000 5.271183 0.005004 
502 6.378906 0.000000 -0.069318 99.651664 -0.000000 5.231723 0.004217 
503 6.229492 0.000000 0.077518 99.669781 -0.000000 5.122986 0.003969 
504 6.229492 0.000000 0.028573 99.656827 -0.000000 5.140862 0.004209 
505 6.279297 0.000000 0.077518 99.676376 -0.000000 5.136108 0.003824 
506 6.154785 0.000000 0.101991 99.666301 -0.000000 5.095903 0.004066 
507 6.129883 0.000000 0.101991 99.662980 -0.000000 5.089106 0.004139 
508 6.154785 0.000000 0.077518 99.659732 -0.000000 5.102798 0.004190 
509 6.179688 0.000000 0.101991 99.669602 -0.000000 5.102629 0.003993 
510 6.204590 0.000000 0.150936 99.685526 -0.000000 5.098912 0.003680 
511 6.204590 0.000000 0.126463 99.679242 -0.000000 5.103476 0.003800 
512 6.229492 0.000000 0.150936 99.688654 -0.000000 5.105343 0.003611 
513 6.204590 0.000000 0.175408 99.691733 -0.000000 5.095595 0.003559 
514 6.167236 0.000000 0.138700 99.677618 -0.000000 5.091199 0.003845 
515 6.154785 0.000000 0.138700 99.676018 -0.000000 5.087883 0.003880 
516 6.167236 0.000000 0.126463 99.674415 -0.000000 5.093580 0.003907 
517 6.179688 0.000000 0.138700 99.679214 -0.000000 5.094497 0.003810 
518 6.167236 0.000000 0.150936 99.680803 -0.000000 5.089130 0.003784 
519 39.250000 0.000000 37.618523 99.277924 0.000000 12.086796 -0.000220 
520 52.000000 0.000000 37.618523 99.274487 0.000000 12.076656 -0.000127 
521 39.250000 0.000000 50.148507 99.270502 0.000000 12.134944 -0.000189 
522 -11.750000 0.000000 37.618523 99.290481 0.000000 12.170005 -0.000671 
523 -24.500000 0.000000 37.618523 99.278426 0.000000 12.184077 -0.000466 
524 -11.750000 0.000000 50.148507 99.276329 0.000000 12.174260 -0.000400 
525 -37.250000 0.000000 37.618523 99.269108 -0.000000 12.189044 -0.000293 
526 -50.000000 0.000000 37.618523 99.263461 0.000000 12.190156 -0.000183 
527 -37.250000 0.000000 50.148507 99.266487 0.000000 12.186333 -0.000234 
528 20.125000 0.000000 18.823548 99.342856 0.000000 11.810796 -0.000850 
529 26.500000 0.000000 18.823548 99.329184 0.000000 11.775910 -0.000496 
530 20.125000 0.000000 25.088540 99.316192 0.000000 11.985931 -0.000737 
531 -5.375000 0.000000 18.823548 99.396488 0.000000 12.121751 -0.002660 
532 -11.750000 0.000000 18.823548 99.349298 0.000000 12.176881 -0.001856 
533 -5.375000 0.000000 25.088540 99.340933 0.000000 12.137197 -0.001593 
534 -18.125000 0.000000 18.823548 99.312273 -0.000000 12.196246 -0.001168 
535 -24.500000 0.000000 18.823548 99.289755 -0.000000 12.200381 -0.000730 
536 -18.125000 0.000000 25.088540 99.302018 -0.000000 12.185003 -0.000937 
537 10.562500 0.000000 9.426060 99.556663 0.000000 10.952560 -0.003149 
538 13.750000 0.000000 9.426060 99.502869 0.000000 10.863938 -0.001885 
539 10.562500 0.000000 12.558556 99.479700 0.000000 11.470174 -0.002778 
540 -2.187500 0.000000 9.426060 99.856850 0.000000 11.980057 -0.011491 
541 -5.375000 0.000000 9.426060 99.620121 0.000000 12.161145 -0.007206 
542 -2.187500 0.000000 12.558556 99.588344 0.000000 12.003212 -0.006192 
543 -8.562500 0.000000 9.426060 99.479072 0.000000 12.231421 -0.004569 
544 -11.750000 0.000000 9.426060 99.391712 -0.000000 12.244994 -0.002865 
545 -8.562500 0.000000 12.558556 99.441047 0.000000 12.183832 -0.003697 
546 2.593750 0.000000 4.727317 100.898955 0.000000 9.747757 -0.027562 
547 1.000000 0.000000 4.727317 101.220549 0.000000 10.597446 -0.035791 
548 2.593750 0.000000 6.293564 100.386233 0.000000 10.625423 -0.019030 
549 -0.593750 0.000000 4.727317 101.052295 0.000000 11.568351 -0.034539 
550 -2.187500 0.000000 4.727317 100.544012 0.000000 12.182223 -0.025750 
551 -0.593750 0.000000 6.293564 100.431835 0.000000 11.611159 -0.022137 
552 -3.781250 0.000000 4.727317 100.072842 0.000000 12.406735 -0.016850 
553 -5.375000 0.000000 4.727317 99.762132 0.000000 12.441777 -0.010728 
554 -3.781250 0.000000 6.293564 99.949207 0.000000 12.210314 -0.013894 
555 8.968750 0.000000 4.727317 99.807978 0.000000 8.968277 -0.004206 
556 10.562500 0.000000 4.727317 99.754023 0.000000 8.894591 -0.002998 
557 8.968750 0.000000 6.293564 99.737219 0.000000 9.911995 -0.004576 
558 4.984375 0.000000 2.377945 100.277721 0.000000 6.785149 -0.010166 
559 4.187500 0.000000 2.377945 100.597174 0.000000 6.617216 -0.016358 
560 4.984375 0.000000 3.161069 100.336745 0.000000 7.706717 -0.012686 
561 1.697266 0.000000 0.126463 99.447954 0.002740 -6.484296 0.006806 
562 1.697266 0.000000 0.224354 97.617914 0.002284 -4.323583 0.045205 
563 1.846680 0.000000 0.077518 98.803382 0.002885 -9.251247 0.015231 
564 1.796875 0.000000 0.077518 98.588033 0.002565 -6.345230 0.024014 
565 1.846680 0.000000 0.126463 96.877564 0.002414 -4.616751 0.059342 
566 2.045898 0.000000 0.077518 95.199704 0.002402 -4.432730 0.091737 
567 2.095703 0.000000 0.077518 94.128003 0.002463 -4.579387 0.111895 
568 2.045898 0.000000 0.126463 95.261546 0.002407 -4.467706 0.090528 
569 5.382812 0.000000 1.203259 99.931574 0.000000 5.523826 -0.001683 
570 4.984375 0.000000 1.203259 99.968032 0.000000 5.360179 -0.002234 
571 5.382812 0.000000 1.594821 100.035622 0.000000 5.944321 -0.004246 
572 8.171875 0.000000 2.377945 99.927703 0.000000 6.972268 -0.003416 
573 8.968750 0.000000 2.377945 99.915301 0.000000 6.949052 -0.003136 
574 8.171875 0.000000 3.161069 99.907588 0.000000 7.719447 -0.004112 
575 6.976562 0.000000 1.203259 99.905926 0.000000 5.810747 -0.001496 
576 7.375000 0.000000 1.203259 99.914874 0.000000 5.839452 -0.001708 
577 6.976562 0.000000 1.594821 99.936216 0.000000 6.181179 -0.002545 
578 6.204590 0.000000 0.101991 99.672884 -0.000000 5.109283 0.003921 
579 6.204590 0.000000 0.077518 99.666452 -0.000000 5.116325 0.004042 
580 6.229492 0.000000 0.101991 99.676147 -0.000000 5.115868 0.003849 
581 3.390625 0.000000 2.377945 101.124351 0.000000 6.519273 -0.026864 
582 2.593750 0.000000 2.377945 102.032532 0.000000 6.605455 -0.045427 
583 3.390625 0.000000 3.161069 101.082622 0.000000 7.753199 -0.027781 
584 1.796875 0.000000 2.377945 103.233165 0.000000 7.276970 -0.071004 
585 1.000000 0.000000 2.377945 104.212450 0.000000 8.841874 -0.093841 
586 1.796875 0.000000 3.161069 102.326964 0.000000 8.644253 -0.054553 
587 0.203125 0.000000 2.377945 104.189174 0.000000 10.913738 -0.097449 
588 -0.593750 0.000000 2.377945 103.178294 0.000000 12.518082 -0.080246 
589 0.203125 0.000000 3.161069 102.735493 0.000000 10.853893 -0.067239 
590 -1.390625 0.000000 2.377945 101.921107 0.000000 13.182113 -0.056168 
591 -2.187500 0.000000 2.377945 100.968187 0.000000 13.272152 -0.037072 
592 -1.390625 0.000000 3.161069 101.556523 0.000000 12.478144 -0.046943 
1 7 12 10 11 
2 12 2 13 10 
3 1 17 15 16 
4 17 7 11 15 
5 11 25 23 24 
6 25 10 26 23 
7 15 33 31 32 
8 33 11 24 31 
9 24 41 39 40 
10 41 23 42 39 
11 31 49 47 48 
12 49 24 40 47 
13 40 57 55 56 
14 57 39 58 55 
15 47 65 63 64 
16 65 40 56 63 
17 56 73 71 72 
18 73 55 74 71 
19 63 81 79 80 
20 81 56 72 79 
21 72 89 87 88 
22 89 71 90 87 
23 10 93 92 26 
24 93 13 94 92 
25 92 94 8 95 
26 26 92 95 14 
27 23 97 96 42 
28 97 26 98 96 
29 96 98 14 99 
30 42 96 99 27 
31 39 101 100 58 
32 101 42 102 100 
33 100 102 27 103 
34 55 105 104 74 
35 105 58 106 104 
36 71 109 108 90 
37 109 74 110 108 
38 108 110 59 111 
39 115 117 83 118 
40 116 115 118 84 
41 87 121 119 120 
42 121 90 122 119 
43 79 126 124 125 
44 126 72 88 124 
45 88 130 128 129 
46 130 87 120 128 
47 14 95 132 37 
48 95 8 133 132 
49 132 133 21 134 
50 37 132 134 19 
51 27 99 135 53 
52 99 14 136 135 
53 135 136 37 137 
54 53 135 137 35 
55 103 27 139 138 
56 138 139 53 140 
57 111 59 145 144 
58 144 145 85 146 
59 117 144 146 83 
60 147 149 117 150 
61 148 147 150 115 
62 120 153 151 152 
63 153 119 154 151 
64 156 116 84 158 
65 157 156 158 112 
66 159 148 115 161 
67 160 159 161 116 
68 128 164 162 163 
69 164 120 152 162 
70 166 168 147 169 
71 167 166 169 148 
72 152 172 170 171 
73 172 151 173 170 
74 90 176 175 122 
75 176 108 177 175 
76 175 177 111 178 
77 122 175 178 75 
78 119 180 179 154 
79 180 122 181 179 
80 179 181 75 182 
81 154 179 182 123 
82 151 184 183 173 
83 184 154 185 183 
84 183 185 123 186 
85 187 167 148 189 
86 188 187 189 159 
87 190 192 166 193 
88 191 190 193 167 
89 170 196 194 195 
90 196 173 197 194 
91 124 201 199 200 
92 201 88 129 199 
93 129 205 203 204 
94 205 128 163 203 
95 203 163 131 206 
96 204 203 206 5 
97 163 209 207 208 
98 209 162 210 207 
99 207 210 165 211 
100 208 207 211 131 
101 212 160 116 214 
102 213 212 214 156 
103 199 217 215 216 
104 217 129 204 215 
105 215 204 5 218 
106 216 215 218 202 
107 16 221 219 220 
108 221 15 32 219 
109 219 32 18 222 
110 220 219 222 6 
111 32 225 223 224 
112 225 31 48 223 
113 223 48 34 226 
114 224 223 226 18 
115 48 229 227 228 
116 229 47 64 227 
117 227 64 50 230 
118 228 227 230 34 
119 64 233 231 232 
120 233 63 80 231 
121 231 80 66 234 
122 232 231 234 50 
123 80 237 235 236 
124 237 79 125 235 
125 236 235 238 66 
126 125 241 239 240 
127 241 124 200 239 
128 200 245 243 244 
129 245 199 216 243 
130 243 216 202 246 
131 6 222 247 248 
132 222 18 45 247 
133 247 45 28 249 
134 248 247 249 29 
135 18 226 250 251 
136 226 34 61 250 
137 250 61 44 252 
138 251 250 252 45 
139 34 230 253 254 
140 230 50 77 253 
141 253 77 60 255 
142 254 253 255 61 
143 50 234 256 257 
144 234 66 113 256 
145 256 113 76 258 
146 257 256 258 77 
147 66 238 259 260 
148 259 157 112 261 
149 260 259 261 113 
150 262 213 156 264 
151 263 262 264 157 
152 239 267 265 266 
153 267 200 244 265 
154 246 202 271 269 
155 269 271 212 272 
156 270 269 272 213 
157 244 275 273 274 
158 275 243 276 273 
159 273 276 246 277 
160 274 273 277 127 
161 278 270 213 280 
162 279 278 280 262 
163 265 283 281 282 
164 283 244 274 281 
165 281 274 127 284 
166 235 287 285 286 
167 287 125 240 285 
168 285 240 82 288 
169 286 285 288 238 
170 240 291 289 290 
171 291 239 266 289 
172 289 266 242 292 
173 290 289 292 82 
174 266 295 293 294 
175 295 265 282 293 
176 293 282 268 296 
177 294 293 296 242 
178 284 127 299 297 
179 297 299 270 300 
180 298 297 300 278 
181 282 303 301 302 
182 303 281 304 301 
183 301 304 284 305 
184 302 301 305 268 
185 238 288 306 307 
186 288 82 263 306 
187 306 263 157 308 
188 307 306 308 259 
189 82 292 309 310 
190 292 242 279 309 
191 309 279 262 311 
192 310 309 311 263 
193 242 296 312 313 
194 296 268 298 312 
195 312 298 278 314 
196 313 312 314 279 
197 268 305 315 316 
198 305 284 317 315 
199 315 317 297 318 
200 316 315 318 298 
201 127 277 319 299 
202 277 246 320 319 
203 319 320 269 321 
204 299 319 321 270 
205 202 218 322 271 
206 218 5 323 322 
207 322 323 160 324 
208 271 322 324 212 
209 5 206 325 323 
210 206 131 188 325 
211 325 188 159 326 
212 323 325 326 160 
213 131 211 327 328 
214 211 165 329 327 
215 327 329 187 330 
216 328 327 330 188 
217 162 332 331 210 
218 332 152 171 331 
219 331 171 91 333 
220 210 331 333 165 
221 171 336 334 335 
222 336 170 195 334 
223 334 195 174 337 
224 335 334 337 91 
225 75 178 338 149 
226 178 111 339 338 
227 338 339 144 340 
228 149 338 340 117 
229 123 182 341 168 
230 182 75 342 341 
231 341 342 149 343 
232 168 341 343 147 
233 186 123 345 344 
234 344 345 168 346 
235 192 344 346 166 
236 174 198 347 348 
237 198 155 349 347 
238 347 349 192 350 
239 348 347 350 190 
240 195 353 351 352 
241 353 194 354 351 
242 351 354 198 355 
243 352 351 355 174 
244 173 357 356 197 
245 357 183 358 356 
246 356 358 186 359 
247 197 356 359 155 
248 194 361 360 354 
249 361 197 362 360 
250 360 362 155 363 
251 354 360 363 198 
252 59 365 364 145 
253 145 364 367 85 
254 369 103 370 368 
255 368 370 138 371 
256 58 377 376 106 
257 377 100 378 376 
258 376 378 103 369 
259 104 381 379 380 
260 381 106 382 379 
261 74 389 388 110 
262 389 104 380 388 
263 110 388 365 59 
264 365 392 390 391 
265 392 107 384 390 
266 390 384 366 393 
267 391 390 393 364 
268 380 396 394 395 
269 396 379 397 394 
270 107 400 398 399 
271 399 398 402 384 
272 388 405 403 404 
273 405 380 395 403 
274 403 395 107 392 
275 404 403 392 365 
276 395 408 406 407 
277 408 394 409 406 
278 407 406 400 107 
279 43 411 410 374 
280 411 369 412 410 
281 410 412 368 413 
282 374 410 413 142 
283 373 415 414 386 
284 415 43 416 414 
285 414 416 374 417 
286 386 414 417 372 
287 419 373 420 418 
288 418 420 386 421 
289 400 424 422 423 
290 423 422 426 398 
291 106 428 427 382 
292 428 376 429 427 
293 427 429 369 411 
294 382 427 411 43 
295 379 431 430 397 
296 431 382 432 430 
297 430 432 43 415 
298 397 430 415 373 
299 394 434 433 409 
300 434 397 435 433 
301 433 435 373 419 
302 437 419 438 436 
303 436 438 418 439 
304 20 38 440 441 
305 38 19 442 440 
306 440 442 22 443 
307 441 440 443 9 
308 36 54 444 445 
309 54 35 446 444 
310 444 446 38 447 
311 445 444 447 20 
312 52 70 448 449 
313 70 51 450 448 
314 448 450 54 451 
315 449 448 451 36 
316 67 143 452 453 
317 143 69 454 452 
318 452 454 51 455 
319 453 452 455 70 
320 141 375 456 457 
321 375 142 458 456 
322 456 458 69 459 
323 457 456 459 143 
324 366 387 460 461 
325 387 372 462 460 
326 460 462 375 463 
327 461 460 463 141 
328 384 402 464 465 
329 402 383 466 464 
330 464 466 387 467 
331 465 464 467 366 
332 398 426 468 469 
333 426 401 470 468 
334 468 470 383 471 
335 469 468 471 402 
336 422 474 472 473 
337 472 475 401 476 
338 473 472 476 426 
339 406 479 477 478 
340 479 409 480 477 
341 477 480 385 424 
342 478 477 424 400 
343 424 483 481 482 
344 483 385 484 481 
345 482 481 474 422 
346 383 421 485 466 
347 421 386 486 485 
348 485 486 372 487 
349 466 485 487 387 
350 401 439 488 470 
351 439 418 489 488 
352 488 489 421 490 
353 470 488 490 383 
354 492 436 493 491 
355 491 493 439 494 
356 475 491 494 401 
357 474 497 495 496 
358 495 498 475 499 
359 496 495 499 472 
360 409 501 500 480 
361 501 433 502 500 
362 500 502 419 437 
363 480 500 437 385 
364 385 504 503 484 
365 504 437 505 503 
366 503 505 436 492 
367 481 508 506 507 
368 508 484 509 506 
369 506 509 425 497 
370 507 506 497 474 
371 425 511 510 498 
372 511 492 512 510 
373 510 512 491 513 
374 498 510 513 475 
375 497 516 514 515 
376 516 425 517 514 
377 514 517 498 518 
378 515 514 518 495 
379 19 134 519 442 
380 134 21 520 519 
381 519 520 3 521 
382 442 519 521 22 
383 28 46 522 523 
384 46 20 441 522 
385 522 441 9 524 
386 523 522 524 30 
387 29 249 525 526 
388 249 28 523 525 
389 525 523 30 527 
390 526 525 527 4 
391 35 137 528 446 
392 137 37 529 528 
393 528 529 19 530 
394 446 528 530 38 
395 44 62 531 532 
396 62 36 445 531 
397 531 445 20 533 
398 532 531 533 46 
399 45 252 534 535 
400 252 44 532 534 
401 534 532 46 536 
402 535 534 536 28 
403 51 140 537 450 
404 140 53 538 537 
405 537 538 35 539 
406 450 537 539 54 
407 60 78 540 541 
408 78 52 449 540 
409 540 449 36 542 
410 541 540 542 62 
411 61 255 543 544 
412 255 60 541 543 
413 543 541 62 545 
414 544 543 545 44 
415 68 86 546 547 
416 86 67 453 546 
417 546 453 70 548 
418 547 546 548 52 
419 76 114 549 550 
420 114 68 547 549 
421 549 547 52 551 
422 550 549 551 78 
423 77 258 552 553 
424 258 76 550 552 
425 552 550 78 554 
426 553 552 554 60 
427 69 371 555 454 
428 371 138 556 555 
429 555 556 140 557 
430 454 555 557 51 
431 85 367 558 559 
432 367 141 457 558 
433 558 457 143 560 
434 559 558 560 67 
435 165 333 561 329 
436 333 91 191 561 
437 561 191 167 562 
438 329 561 562 187 
439 91 337 563 564 
440 337 174 348 563 
441 563 348 190 565 
442 564 563 565 191 
443 155 359 566 349 
444 359 186 567 566 
445 566 567 344 568 
446 349 566 568 192 
447 364 393 569 570 
448 393 366 461 569 
449 569 461 141 571 
450 570 569 571 367 
451 142 413 572 458 
452 413 368 573 572 
453 572 573 371 574 
454 458 572 574 69 
455 372 417 575 462 
456 417 374 576 575 
457 575 576 142 577 
458 462 575 577 375 
459 484 579 578 509 
460 579 503 580 578 
461 578 580 492 511 
462 509 578 511 425 
463 83 146 581 582 
464 146 85 559 581 
465 581 559 67 583 
466 582 581 583 86 
467 84 118 584 585 
468 118 83 582 584 
469 584 582 86 586 
470 585 584 586 68 
471 112 158 587 588 
472 158 84 585 587 
473 587 585 68 589 
474 588 587 589 114 
475 113 261 590 591 
476 261 112 588 590 
477 590 588 114 592 
478 591 590 592 76 
