2 0.000000 100.000000 747.808936
378 298 
1 -30.000000 0.000000 -30.045681 99.859451 0.000000 5.234246 0.000069 
2 31.000000 0.000000 -30.045681 99.860173 -0.000000 5.214246 0.000076 
3 31.000000 0.000000 30.074253 99.867536 0.000000 5.209887 -0.000067 
4 -30.000000 0.000000 30.074253 99.866702 0.000000 5.234258 -0.000076 
5 0.500000 0.000000 0.014286 101.315666 0.000554 0.943845 -0.026575 
6 -30.000000 0.000000 0.014286 99.862955 0.000000 5.238685 -0.000005 
7 0.500000 0.000000 -30.045681 99.853154 -0.000000 5.223617 0.000206 
8 31.000000 0.000000 0.014286 99.968496 0.000000 3.204890 -0.000397 
9 0.500000 0.000000 30.074253 99.874005 0.000000 5.222673 -0.000209 
10 15.750000 0.000000 -15.015697 99.851810 -0.000000 5.157645 0.000301 
11 0.500000 0.000000 -15.015697 99.824595 -0.000000 5.194087 0.000807 
12 15.750000 0.000000 -30.045681 99.856353 -0.000000 5.215998 0.000150 
13 31.000000 0.000000 -15.015697 99.862563 0.000000 5.163527 0.000081 
14 15.750000 0.000000 0.014286 99.997686 -0.000000 2.582930 -0.000621 
15 -14.750000 0.000000 -15.015697 99.848799 0.000000 5.235913 0.000280 
16 -30.000000 0.000000 -15.015697 99.859410 -0.000000 5.236564 0.000068 
17 -14.750000 0.000000 -30.045681 99.855832 0.000000 5.231670 0.000144 
18 -14.750000 0.000000 0.014286 99.861957 0.000000 5.254033 -0.000002 
19 15.750000 0.000000 15.044270 99.880785 -0.000000 5.141614 -0.000261 
20 0.500000 0.000000 15.044270 99.906878 0.000000 5.190847 -0.000833 
21 31.000000 0.000000 15.044270 99.871304 -0.000000 5.131722 -0.000061 
22 15.750000 0.000000 30.074253 99.871140 0.000000 5.213479 -0.000143 
23 8.125000 0.000000 -7.500705 99.818168 -0.000000 4.952777 0.001180 
24 0.500000 0.000000 -7.500705 99.719360 -0.000000 5.084550 0.003020 
25 8.125000 0.000000 -15.015697 99.836960 -0.000000 5.164699 0.000591 
26 15.750000 0.000000 -7.500705 99.860180 -0.000000 4.971374 0.000323 
27 8.125000 0.000000 0.014286 99.994096 -0.000000 2.269313 -0.000397 
28 -14.750000 0.000000 15.044270 99.877836 0.000000 5.236510 -0.000300 
29 -30.000000 0.000000 15.044270 99.866663 0.000000 5.236674 -0.000077 
30 -14.750000 0.000000 30.074253 99.870688 0.000000 5.231562 -0.000152 
31 -7.125000 0.000000 -7.500705 99.806026 -0.000000 5.240941 0.001129 
32 -14.750000 0.000000 -7.500705 99.848210 0.000000 5.245078 0.000282 
33 -7.125000 0.000000 -15.015697 99.834642 -0.000000 5.225443 0.000574 
34 -7.125000 0.000000 0.014286 99.852133 -0.000000 5.315141 0.000130 
35 8.125000 0.000000 7.529278 99.929151 0.000000 4.902098 -0.000987 
36 0.500000 0.000000 7.529278 100.032555 0.000000 5.075234 -0.003227 
37 15.750000 0.000000 7.529278 99.892993 0.000000 4.873603 -0.000236 
38 8.125000 0.000000 15.044270 99.895116 -0.000000 5.155083 -0.000561 
39 4.312500 0.000000 -3.743210 99.688397 0.000000 4.373618 0.004309 
40 0.500000 0.000000 -3.743210 99.391789 0.000000 4.771974 0.009850 
41 4.312500 0.000000 -7.500705 99.763732 -0.000000 4.980718 0.002239 
42 8.125000 0.000000 -3.743210 99.839436 -0.000000 4.407307 0.001266 
43 4.312500 0.000000 0.014286 99.899795 -0.000000 2.007024 0.001600 
44 -7.125000 0.000000 7.529278 99.921060 -0.000000 5.247378 -0.001175 
45 -14.750000 0.000000 7.529278 99.877288 0.000000 5.246354 -0.000300 
46 -7.125000 0.000000 15.044270 99.893796 -0.000000 5.225976 -0.000608 
47 -3.312500 0.000000 -3.743210 99.643443 0.000000 5.251488 0.004361 
48 -7.125000 0.000000 -3.743210 99.801027 0.000000 5.276465 0.001191 
49 -3.312500 0.000000 -7.500705 99.753467 0.000000 5.199510 0.002221 
50 -3.312500 0.000000 0.014286 99.787033 0.000000 5.546290 0.001179 
51 4.312500 0.000000 3.771782 100.080931 0.000000 4.252756 -0.003428 
52 0.500000 0.000000 3.771782 100.458984 -0.000000 4.749381 -0.011456 
53 8.125000 0.000000 3.771782 99.953260 0.000000 4.221698 -0.000848 
54 4.312500 0.000000 7.529278 99.984563 -0.000000 4.945572 -0.002137 
55 2.406250 0.000000 -1.864462 99.283615 -0.000000 3.419400 0.013107 
56 0.500000 0.000000 -1.864462 98.650521 -0.000000 4.210632 0.025035 
57 2.406250 0.000000 -3.743210 99.520020 0.000000 4.473880 0.007575 
58 4.312500 0.000000 -1.864462 99.703045 -0.000000 3.411984 0.004766 
59 2.406250 0.000000 0.014286 99.611414 0.000000 1.394426 0.007562 
60 -3.312500 0.000000 3.771782 100.079034 -0.000000 5.302734 -0.004393 
61 -7.125000 0.000000 3.771782 99.915887 0.000000 5.287620 -0.001114 
62 -3.312500 0.000000 7.529278 99.983509 -0.000000 5.208312 -0.002383 
63 -1.406250 0.000000 -1.864462 99.131957 0.000000 5.276021 0.014502 
64 -3.312500 0.000000 -1.864462 99.613240 0.000000 5.381732 0.004824 
65 -1.406250 0.000000 -3.743210 99.477236 0.000000 5.105460 0.007821 
66 -1.406250 0.000000 0.014286 99.484367 -0.000000 6.359686 0.006242 
67 2.406250 0.000000 1.893034 100.462865 0.000000 3.108962 -0.010245 
68 0.500000 0.000000 1.893034 101.621584 0.000000 4.132766 -0.034403 
69 4.312500 0.000000 1.893034 100.067982 0.000000 3.225479 -0.002400 
70 2.406250 0.000000 3.771782 100.278127 -0.000000 4.360829 -0.007472 
71 1.453125 0.000000 -0.925088 98.421831 -0.000000 2.528787 0.030675 
72 0.500000 0.000000 -0.925088 97.713059 -0.000000 3.612230 0.043911 
73 1.453125 0.000000 -1.864462 98.904068 0.000000 3.650305 0.020466 
74 2.406250 0.000000 -0.925088 99.245698 -0.000000 2.397310 0.014454 
75 1.453125 0.000000 0.014286 86.333619 0.001682 -4.474679 0.252648 
76 -1.406250 0.000000 1.893034 100.582974 0.000000 5.572446 -0.014799 
77 -3.312500 0.000000 1.893034 100.041303 -0.000000 5.461432 -0.003809 
78 -1.406250 0.000000 3.771782 100.303662 -0.000000 5.175571 -0.008761 
79 -0.453125 0.000000 -0.925088 97.906448 -0.000000 5.217630 0.038710 
80 -1.406250 0.000000 -0.925088 98.978638 0.000000 5.712211 0.017060 
81 -0.453125 0.000000 -1.864462 98.750343 0.000000 4.882143 0.022453 
82 -0.453125 0.000000 0.014286 64.809028 -0.000911 18.502796 0.545744 
83 1.453125 0.000000 0.953660 101.246032 0.000000 1.425600 -0.025279 
84 0.500000 0.000000 0.953660 104.027868 0.000000 3.161907 -0.083179 
85 2.406250 0.000000 0.953660 100.245131 0.000000 2.027007 -0.005320 
86 1.453125 0.000000 1.893034 101.048643 0.000000 3.250598 -0.022139 
87 0.976562 0.000000 -0.455401 93.085294 0.001113 -2.348650 0.132961 
88 0.500000 0.000000 -0.455401 98.504527 -0.000242 3.656340 0.028349 
89 0.976562 0.000000 -0.925088 97.961044 -0.000000 2.990357 0.039469 
90 1.453125 0.000000 -0.455401 98.148489 -0.000000 1.496788 0.036463 
91 0.976562 0.000000 0.014286 90.420977 0.001508 -7.695166 0.176483 
92 23.375000 0.000000 -7.500705 99.869190 -0.000000 4.996155 0.000118 
93 23.375000 0.000000 -15.015697 99.859287 -0.000000 5.159779 0.000150 
94 31.000000 0.000000 -7.500705 99.871367 0.000000 5.016896 0.000054 
95 23.375000 0.000000 0.014286 99.983750 -0.000000 2.899189 -0.000516 
96 11.937500 0.000000 -3.743210 99.876865 -0.000000 4.472334 0.000461 
97 11.937500 0.000000 -7.500705 99.847083 -0.000000 4.958624 0.000597 
98 15.750000 0.000000 -3.743210 99.887480 -0.000000 4.528356 0.000199 
99 11.937500 0.000000 0.014286 100.001412 -0.000000 2.426654 -0.000617 
100 6.218750 0.000000 -1.864462 99.842491 0.000000 3.506362 0.001918 
101 6.218750 0.000000 -3.743210 99.789255 -0.000000 4.377390 0.002294 
102 8.125000 0.000000 -1.864462 99.894797 -0.000000 3.602782 0.000805 
103 6.218750 0.000000 0.014286 99.972046 -0.000000 2.164485 0.000091 
104 3.359375 0.000000 -0.925088 99.609744 -0.000000 2.534176 0.007148 
105 3.359375 0.000000 -1.864462 99.546970 -0.000000 3.379818 0.007898 
106 4.312500 0.000000 -0.925088 99.775242 -0.000000 2.652845 0.003786 
107 3.359375 0.000000 0.014286 99.810650 -0.000000 1.821129 0.003452 
108 1.929688 0.000000 -0.455401 98.957497 -0.000000 1.589846 0.020489 
109 1.929688 0.000000 -0.925088 98.902884 -0.000000 2.374495 0.021258 
110 2.406250 0.000000 -0.455401 99.354333 -0.000000 1.798575 0.012548 
111 1.929688 0.000000 0.014286 99.368808 0.000000 0.929365 0.012498 
112 -0.453125 0.000000 0.953660 102.020533 -0.000000 6.557285 -0.045119 
113 -1.406250 0.000000 0.953660 100.401002 -0.000000 6.147412 -0.011815 
114 -0.453125 0.000000 1.893034 101.262824 -0.000000 5.231637 -0.028153 
115 0.976562 0.000000 0.483973 95.418761 0.001570 -6.550232 0.085235 
116 0.500000 0.000000 0.483973 117.514131 0.001305 -3.486923 -0.382173 
117 1.453125 0.000000 0.483973 100.517281 0.000000 0.056683 -0.010373 
118 0.976562 0.000000 0.953660 102.619926 0.000000 1.568017 -0.053331 
119 1.214844 0.000000 -0.220557 93.456709 0.001348 -4.381682 0.124664 
120 0.976562 0.000000 -0.220557 96.367908 0.001210 -3.512328 0.070089 
121 1.214844 0.000000 -0.455401 81.423755 0.001769 -4.206035 0.335248 
122 1.453125 0.000000 -0.220557 76.662940 0.001587 -3.966652 0.410706 
123 1.214844 0.000000 0.014286 94.610526 0.001343 -4.373387 0.102972 
124 0.023438 0.000000 -0.455401 83.462309 -0.000691 9.260724 0.294828 
125 -0.453125 0.000000 -0.455401 97.111963 -0.000000 6.163969 0.053127 
126 0.023438 0.000000 -0.925088 97.581439 -0.000000 4.369564 0.045877 
127 0.023438 0.000000 0.014286 100.230847 -0.000248 37.827316 -0.147713 
128 0.738281 0.000000 -0.220557 99.247826 0.001034 -2.935651 0.014125 
129 0.500000 0.000000 -0.220557 104.335185 0.000507 -0.872289 -0.088659 
130 0.738281 0.000000 -0.455401 97.517043 0.001053 -2.576731 0.048379 
131 0.738281 0.000000 0.014286 102.043737 0.001175 -3.679917 -0.042647 
132 23.375000 0.000000 7.529278 99.887146 -0.000000 4.841773 -0.000088 
133 31.000000 0.000000 7.529278 99.887148 -0.000000 4.801140 -0.000049 
134 23.375000 0.000000 15.044270 99.874038 0.000000 5.136237 -0.000120 
135 11.937500 0.000000 3.771782 99.930565 -0.000000 4.174893 -0.000355 
136 15.750000 0.000000 3.771782 99.926916 0.000000 4.108815 -0.000227 
137 11.937500 0.000000 7.529278 99.903429 0.000000 4.886465 -0.000457 
138 6.218750 0.000000 1.893034 99.996898 0.000000 3.259763 -0.001001 
139 8.125000 0.000000 1.893034 99.978390 0.000000 3.246706 -0.000622 
140 6.218750 0.000000 3.771782 99.990275 0.000000 4.235227 -0.001599 
141 3.359375 0.000000 0.953660 100.049449 0.000000 2.356560 -0.001545 
142 4.312500 0.000000 0.953660 100.001897 0.000000 2.497306 -0.000662 
143 3.359375 0.000000 1.893034 100.184869 0.000000 3.166357 -0.004703 
144 1.929688 0.000000 0.483973 100.061054 0.000000 1.058991 -0.001334 
145 2.406250 0.000000 0.483973 99.956443 0.000000 1.551106 0.000630 
146 1.929688 0.000000 0.953660 100.553441 0.000000 1.737616 -0.011401 
147 1.214844 0.000000 0.249130 93.606474 0.001359 -4.618505 0.121650 
148 0.976562 0.000000 0.249130 97.509810 0.001319 -4.551059 0.047112 
149 1.453125 0.000000 0.249130 76.662940 0.001587 -3.966652 0.410706 
150 1.214844 0.000000 0.483973 101.269492 0.000000 -0.757281 -0.025608 
151 1.095703 0.000000 -0.103135 95.744872 0.001302 -4.085600 0.081623 
152 0.976562 0.000000 -0.103135 96.988176 0.001237 -3.812758 0.057876 
153 1.095703 0.000000 -0.220557 94.872139 0.001321 -4.185786 0.098176 
154 1.214844 0.000000 -0.103135 93.618078 0.001265 -3.701889 0.122195 
155 1.095703 0.000000 0.014286 95.722948 0.001312 -4.204052 0.081944 
156 0.023438 0.000000 0.483973 91.672287 -0.000402 19.550416 0.121397 
157 -0.453125 0.000000 0.483973 101.488278 -0.000000 8.504233 -0.037219 
158 0.023438 0.000000 0.953660 103.651729 0.000000 5.563628 -0.077463 
159 0.738281 0.000000 0.249130 100.661373 0.001126 -3.413955 -0.014437 
160 0.500000 0.000000 0.249130 106.158445 0.000612 1.594403 -0.127216 
161 0.738281 0.000000 0.483973 105.485953 0.001365 -7.076682 -0.117737 
162 0.857422 0.000000 -0.103135 98.478556 0.001145 -3.418174 0.029029 
163 0.738281 0.000000 -0.103135 99.810732 0.000921 -1.817583 0.003451 
164 0.857422 0.000000 -0.220557 97.783498 0.001137 -3.287972 0.042758 
165 0.857422 0.000000 0.014286 99.839254 0.001136 -4.751274 0.000955 
166 1.095703 0.000000 0.131708 95.923667 0.001316 -4.303447 0.078013 
167 0.976562 0.000000 0.131708 97.235907 0.001259 -4.107237 0.052831 
168 1.214844 0.000000 0.131708 94.562245 0.001435 -5.168607 0.103127 
169 1.095703 0.000000 0.249130 95.114858 0.001343 -4.535898 0.093259 
170 1.036133 0.000000 -0.044425 95.863406 0.001301 -4.128649 0.079316 
171 0.976562 0.000000 -0.044425 96.962195 0.001245 -3.894472 0.058317 
172 1.036133 0.000000 -0.103135 95.896334 0.001295 -4.060321 0.078741 
173 1.095703 0.000000 -0.044425 95.704797 0.001307 -4.143908 0.082342 
174 1.036133 0.000000 0.014286 95.888842 0.001307 -4.200683 0.078768 
175 0.857422 0.000000 0.131708 98.792381 0.001177 -3.776571 0.022580 
176 0.738281 0.000000 0.131708 100.477748 0.001073 -3.218593 -0.010614 
177 0.857422 0.000000 0.249130 99.037519 0.001232 -4.091324 0.017483 
178 0.916992 0.000000 -0.044425 97.047703 0.001026 -1.695170 0.057887 
179 0.857422 0.000000 -0.044425 97.816304 0.000822 -0.168792 0.043194 
180 0.916992 0.000000 -0.103135 97.332037 0.001223 -3.760739 0.051233 
181 0.916992 0.000000 0.014286 98.210061 0.001108 -5.875608 0.032026 
182 1.036133 0.000000 0.072997 95.973030 0.001311 -4.266737 0.077097 
183 0.976562 0.000000 0.072997 97.095554 0.001257 -4.052862 0.055603 
184 1.095703 0.000000 0.072997 95.800641 0.001315 -4.259120 0.080410 
185 1.036133 0.000000 0.131708 96.099532 0.001313 -4.318869 0.074623 
186 1.006348 0.000000 -0.015069 96.086284 0.001245 -3.799221 0.075299 
187 0.976562 0.000000 -0.015069 93.641442 0.001799 -3.049599 0.122198 
188 1.006348 0.000000 -0.044425 96.079528 0.001241 -3.758203 0.075460 
189 1.036133 0.000000 -0.015069 95.868364 0.001304 -4.164793 0.079191 
190 1.006348 0.000000 0.014286 96.844300 0.001257 -3.988224 0.060528 
191 0.916992 0.000000 0.072997 97.481283 0.001247 -4.034837 0.048112 
192 0.857422 0.000000 0.072997 99.881728 0.001335 -5.648615 -0.000827 
193 0.916992 0.000000 0.131708 97.603072 0.001251 -4.099064 0.045684 
194 0.946777 0.000000 -0.015069 95.443635 0.001394 -0.639535 0.089010 
195 0.916992 0.000000 -0.015069 97.421145 0.001006 -2.716411 0.050174 
196 0.946777 0.000000 -0.044425 97.137178 0.001239 -3.874878 0.054935 
197 0.946777 0.000000 0.014286 95.867042 0.001392 -6.433137 0.076813 
198 1.006348 0.000000 0.043642 96.885082 0.001259 -4.024137 0.059709 
199 0.976562 0.000000 0.043642 97.040100 0.001255 -4.017795 0.056708 
200 1.036133 0.000000 0.043642 95.924298 0.001309 -4.235048 0.078059 
201 1.006348 0.000000 0.072997 96.881219 0.001315 -4.410954 0.059457 
202 0.991455 0.000000 -0.000391 78.813566 0.001834 -0.529958 0.378814 
203 0.976562 0.000000 -0.000391 87.485623 0.001781 -3.857169 0.233139 
204 0.991455 0.000000 -0.015069 85.790625 0.001682 -1.864341 0.263649 
205 1.006348 0.000000 -0.000391 85.243331 0.001447 -3.945035 0.271801 
206 0.991455 0.000000 0.014286 85.699644 0.001407 -6.361256 0.261511 
207 0.261719 0.000000 -0.220557 98.031393 -0.000053 5.910320 0.035491 
208 0.023438 0.000000 -0.220557 93.208272 -0.000415 9.141115 0.122866 
209 0.261719 0.000000 -0.455401 89.771910 -0.000664 -8.649886 0.186618 
210 0.261719 0.000000 0.014286 102.673434 -0.000009 5.247264 -0.056937 
211 0.619141 0.000000 -0.103135 101.005547 0.000702 -0.816263 -0.020279 
212 0.500000 0.000000 -0.103135 98.682842 0.000391 2.353901 0.025616 
213 0.619141 0.000000 -0.220557 101.432444 0.000888 -1.947017 -0.029233 
214 0.619141 0.000000 0.014286 103.579023 0.000932 -2.019307 -0.073269 
215 0.797852 0.000000 -0.044425 98.412907 0.000770 -0.271144 0.031483 
216 0.738281 0.000000 -0.044425 100.020523 0.000820 -0.793985 -0.000474 
217 0.797852 0.000000 -0.103135 98.940120 0.001077 -3.182869 0.020072 
218 0.797852 0.000000 0.014286 100.701480 0.001164 -4.143797 -0.015796 
219 0.887207 0.000000 -0.015069 97.314720 0.000590 1.938151 0.052609 
220 0.857422 0.000000 -0.015069 99.029238 0.000968 -2.610711 0.018639 
221 0.887207 0.000000 -0.044425 97.128612 0.000842 -0.182840 0.056600 
222 0.887207 0.000000 0.014286 100.907754 0.001318 -9.029837 -0.026391 
223 0.261719 0.000000 0.249130 99.571781 0.000020 6.681487 0.004082 
224 0.023438 0.000000 0.249130 95.642618 -0.000288 10.234189 0.074775 
225 0.261719 0.000000 0.483973 119.542064 0.000436 16.678535 -0.456848 
226 0.380859 0.000000 -0.103135 99.688561 0.000092 3.999427 0.004620 
227 0.261719 0.000000 -0.103135 98.563693 -0.000113 5.039888 0.025980 
228 0.380859 0.000000 -0.220557 99.325858 0.000102 4.659003 0.011267 
229 0.380859 0.000000 0.014286 102.838020 0.000223 3.045613 -0.058493 
230 0.380859 0.000000 0.131708 103.882660 0.000331 3.015862 -0.080070 
231 0.261719 0.000000 0.131708 103.793139 0.000083 6.229426 -0.081182 
232 0.500000 0.000000 0.131708 101.723426 0.000667 0.380613 -0.034780 
233 0.380859 0.000000 0.249130 100.573872 0.000174 4.970346 -0.013981 
234 0.440430 0.000000 -0.044425 99.151071 -0.000021 3.944905 0.015350 
235 0.380859 0.000000 -0.044425 99.816295 0.000071 3.965835 0.002098 
236 0.440430 0.000000 -0.103135 99.993672 0.000208 3.342994 -0.000991 
237 0.500000 0.000000 -0.044425 98.848961 0.000362 2.535404 0.022245 
238 0.440430 0.000000 0.014286 101.899200 0.000371 2.061481 -0.038770 
239 -22.375000 0.000000 -7.500705 99.857807 -0.000000 5.240586 0.000095 
240 -30.000000 0.000000 -7.500705 99.860682 -0.000000 5.237993 0.000041 
241 -22.375000 0.000000 -15.015697 99.856135 0.000000 5.237130 0.000132 
242 -22.375000 0.000000 0.014286 99.862804 -0.000000 5.242658 -0.000007 
243 -10.937500 0.000000 -3.743210 99.840684 0.000000 5.260774 0.000416 
244 -14.750000 0.000000 -3.743210 99.852994 0.000000 5.250942 0.000181 
245 -10.937500 0.000000 -7.500705 99.834912 -0.000000 5.246839 0.000546 
246 -10.937500 0.000000 0.014286 99.860080 0.000000 5.269952 0.000019 
247 -5.218750 0.000000 -1.864462 99.761214 0.000000 5.344891 0.001913 
248 -7.125000 0.000000 -1.864462 99.817810 0.000000 5.300624 0.000831 
249 -5.218750 0.000000 -3.743210 99.748609 -0.000000 5.280493 0.002233 
250 -5.218750 0.000000 0.014286 99.836834 0.000000 5.383628 0.000362 
251 -2.359375 0.000000 -0.925088 99.474247 -0.000000 5.586873 0.007366 
252 -3.312500 0.000000 -0.925088 99.665173 0.000000 5.478163 0.003684 
253 -2.359375 0.000000 -1.864462 99.435671 -0.000000 5.381932 0.008358 
254 -2.359375 0.000000 0.014286 99.711321 0.000000 5.769499 0.002437 
255 -0.929688 0.000000 -0.455401 98.486859 -0.000000 6.306690 0.026056 
256 -1.406250 0.000000 -0.455401 99.105224 0.000000 6.059126 0.014144 
257 -0.929688 0.000000 -0.925088 98.508928 -0.000000 5.639076 0.026419 
258 -0.929688 0.000000 0.014286 99.141940 -0.000000 7.092847 0.012057 
259 -0.214844 0.000000 -0.220557 87.355902 -0.000597 12.284617 0.221803 
260 -0.453125 0.000000 -0.220557 44.915578 -0.001052 20.995742 0.754177 
261 -0.214844 0.000000 -0.455401 60.924493 -0.001191 -12.153311 0.614050 
262 -0.214844 0.000000 0.014286 89.979492 -0.000517 12.057903 0.175830 
263 0.142578 0.000000 -0.103135 96.723883 -0.000244 5.854880 0.061021 
264 0.023438 0.000000 -0.103135 93.956085 -0.000346 8.955366 0.109206 
265 0.142578 0.000000 -0.220557 95.553122 -0.000295 7.871908 0.080763 
266 0.142578 0.000000 0.014286 100.848243 -0.000181 7.912818 -0.023298 
267 -22.375000 0.000000 7.529278 99.868043 -0.000000 5.240894 -0.000109 
268 -30.000000 0.000000 7.529278 99.865285 0.000000 5.238090 -0.000051 
269 -22.375000 0.000000 15.044270 99.870050 -0.000000 5.237396 -0.000146 
270 -10.937500 0.000000 3.771782 99.881596 -0.000000 5.263706 -0.000404 
271 -14.750000 0.000000 3.771782 99.871460 -0.000000 5.251943 -0.000189 
272 -10.937500 0.000000 7.529278 99.890505 -0.000000 5.249729 -0.000567 
273 -5.218750 0.000000 1.893034 99.927570 0.000000 5.369594 -0.001435 
274 -7.125000 0.000000 1.893034 99.890700 -0.000000 5.309041 -0.000634 
275 -5.218750 0.000000 3.771782 99.965236 0.000000 5.304539 -0.002119 
276 -2.359375 0.000000 0.953660 100.036401 0.000000 5.732847 -0.004015 
277 -3.312500 0.000000 0.953660 99.935728 0.000000 5.536793 -0.001781 
278 -2.359375 0.000000 1.893034 100.209042 -0.000000 5.539876 -0.007254 
279 -0.929688 0.000000 0.483973 100.291199 0.000000 7.094334 -0.010865 
280 -1.406250 0.000000 0.483973 100.007345 0.000000 6.386323 -0.004225 
281 -0.929688 0.000000 0.953660 100.923447 -0.000000 6.447109 -0.022711 
282 -0.214844 0.000000 0.249130 88.471850 -0.000566 13.879602 0.198009 
283 -0.453125 0.000000 0.249130 45.689584 -0.000828 46.223243 0.577587 
284 -0.214844 0.000000 0.483973 88.481647 -0.000320 61.774639 -0.164511 
285 -0.095703 0.000000 -0.103135 91.799495 -0.000447 10.287979 0.146701 
286 -0.214844 0.000000 -0.103135 87.906686 -0.000583 12.002028 0.212837 
287 -0.095703 0.000000 -0.220557 90.795516 -0.000507 10.397516 0.164807 
288 -0.095703 0.000000 0.014286 91.990057 -0.000439 10.936487 0.141822 
289 0.142578 0.000000 0.131708 100.774369 -0.000131 9.582798 -0.024730 
290 0.023438 0.000000 0.131708 95.047872 -0.000310 10.074138 0.086441 
291 0.142578 0.000000 0.249130 97.826695 -0.000143 8.527828 0.035721 
292 0.083008 0.000000 -0.044425 94.965180 -0.000549 -2.387003 0.097592 
293 0.023438 0.000000 -0.044425 87.867736 -0.000763 -7.165939 0.222791 
294 0.083008 0.000000 -0.103135 94.768800 -0.000325 8.621050 0.094455 
295 0.142578 0.000000 -0.044425 97.359263 -0.000341 1.627121 0.051853 
296 0.083008 0.000000 0.014286 101.002361 -0.000241 13.341556 -0.037947 
297 -0.095703 0.000000 0.131708 92.727190 -0.000419 11.338893 0.127310 
298 -0.214844 0.000000 0.131708 90.011832 -0.000512 13.098019 0.172631 
299 -0.095703 0.000000 0.249130 93.296156 -0.000404 11.734220 0.115814 
300 -0.036133 0.000000 -0.044425 92.256258 -0.000437 10.429307 0.138001 
301 -0.095703 0.000000 -0.044425 91.812643 -0.000445 10.616433 0.145773 
302 -0.036133 0.000000 -0.103135 92.205921 -0.000440 10.073829 0.139659 
303 -0.036133 0.000000 0.014286 92.472006 -0.000430 10.788311 0.133254 
304 0.083008 0.000000 0.072997 104.077665 -0.000197 15.523315 -0.107313 
305 0.023438 0.000000 0.072997 94.641617 -0.000323 9.923781 0.094448 
306 0.142578 0.000000 0.072997 108.884764 -0.000055 13.552002 -0.203955 
307 0.083008 0.000000 0.131708 95.906408 -0.000287 9.723072 0.070742 
308 0.053223 0.000000 -0.015069 93.663036 -0.000609 -3.293941 0.121639 
309 0.023438 0.000000 -0.015069 81.498848 -0.001056 -17.762422 0.304243 
310 0.053223 0.000000 -0.044425 93.424092 -0.000649 -5.033411 0.124660 
311 0.083008 0.000000 -0.015069 94.765875 -0.000524 -0.755416 0.101886 
312 0.053223 0.000000 0.014286 101.770496 -0.000243 19.598324 -0.074133 
313 -0.036133 0.000000 0.072997 92.827572 -0.000420 11.078289 0.126031 
314 -0.095703 0.000000 0.072997 92.314636 -0.000430 11.189908 0.135279 
315 -0.036133 0.000000 0.131708 93.252929 -0.000409 11.250743 0.117731 
316 -0.006348 0.000000 -0.015069 59.321817 -0.000851 -5.012411 0.645580 
317 -0.036133 0.000000 -0.015069 92.343683 -0.000434 10.612959 0.136001 
318 -0.006348 0.000000 -0.044425 93.670459 -0.000351 9.451251 0.113652 
319 -0.006348 0.000000 0.014286 65.019010 -0.000562 39.073042 0.424583 
320 0.053223 0.000000 0.043642 111.435643 -0.000127 31.682070 -0.342166 
321 0.023438 0.000000 0.043642 101.232911 -0.000240 32.489000 -0.130364 
322 0.083008 0.000000 0.043642 109.011482 -0.000144 21.715914 -0.235508 
323 0.053223 0.000000 0.072997 104.096672 -0.000207 19.557376 -0.121861 
324 0.321289 0.000000 0.072997 111.107103 0.000364 2.902849 -0.235321 
325 0.261719 0.000000 0.072997 106.358362 0.000111 6.277877 -0.135151 
326 0.321289 0.000000 0.014286 101.979526 0.000100 4.378486 -0.041899 
327 0.380859 0.000000 0.072997 104.904429 0.000362 2.559248 -0.101149 
328 0.321289 0.000000 0.131708 102.852870 0.000180 4.693931 -0.060075 
329 0.619141 0.000000 0.131708 104.525970 0.001122 -3.200038 -0.093592 
330 0.619141 0.000000 0.249130 102.178966 0.000953 -2.429266 -0.044644 
331 0.797852 0.000000 0.072997 101.440256 0.001470 -6.731003 -0.033543 
332 0.738281 0.000000 0.072997 103.098288 0.001463 -6.194452 -0.066763 
333 0.797852 0.000000 0.131708 99.281804 0.001162 -3.715671 0.012932 
334 0.887207 0.000000 0.043642 100.053124 0.001292 -6.801104 -0.005688 
335 0.857422 0.000000 0.043642 100.516503 0.001327 -6.829372 -0.015021 
336 0.916992 0.000000 0.043642 99.001914 0.001330 -8.870497 0.011994 
337 0.887207 0.000000 0.072997 99.226610 0.001266 -5.825640 0.012014 
338 0.946777 0.000000 0.043642 97.884575 0.001247 -7.236570 0.036624 
339 0.946777 0.000000 0.072997 97.276928 0.001252 -4.045830 0.052083 
340 0.961670 0.000000 -0.000391 93.063727 0.001851 -3.116418 0.132943 
341 0.946777 0.000000 -0.000391 95.202751 0.001390 -3.848246 0.092163 
342 0.961670 0.000000 -0.015069 94.212335 0.001644 -2.805266 0.111617 
343 0.961670 0.000000 0.014286 94.403906 0.001521 -6.652214 0.104365 
344 5.265625 0.000000 0.953660 99.992878 0.000000 2.554796 -0.000510 
345 5.265625 0.000000 0.014286 99.947321 -0.000000 2.107667 0.000609 
346 6.218750 0.000000 0.953660 99.993922 0.000000 2.561757 -0.000535 
347 5.265625 0.000000 1.893034 100.017894 0.000000 3.256816 -0.001419 
348 3.835938 0.000000 0.483973 99.944907 0.000000 2.090123 0.000665 
349 3.359375 0.000000 0.483973 99.936141 0.000000 1.989914 0.000881 
350 3.835938 0.000000 0.014286 99.862733 -0.000000 1.929838 0.002371 
351 4.312500 0.000000 0.483973 99.955429 0.000000 2.154093 0.000427 
352 3.835938 0.000000 0.953660 100.017180 0.000000 2.441665 -0.000940 
353 2.882812 0.000000 -0.455401 99.562433 -0.000000 1.957442 0.008349 
354 2.882812 0.000000 -0.925088 99.465737 -0.000000 2.465351 0.010049 
355 3.359375 0.000000 -0.455401 99.693452 -0.000000 2.095126 0.005683 
356 2.882812 0.000000 0.014286 99.732822 0.000000 1.645180 0.005066 
357 5.265625 0.000000 -0.925088 99.859309 -0.000000 2.746914 0.002057 
358 5.265625 0.000000 -1.864462 99.792802 -0.000000 3.461355 0.002942 
359 6.218750 0.000000 -0.925088 99.901403 -0.000000 2.813771 0.001179 
360 3.835938 0.000000 -0.455401 99.775877 -0.000000 2.188232 0.003999 
361 3.835938 0.000000 -0.925088 99.706999 -0.000000 2.597074 0.005177 
362 4.312500 0.000000 -0.455401 99.833398 -0.000000 2.261898 0.002818 
363 2.882812 0.000000 0.483973 99.934980 0.000000 1.813481 0.000971 
364 2.882812 0.000000 0.953660 100.116029 0.000000 2.227475 -0.002818 
365 0.321289 0.000000 -0.044425 99.270840 -0.000113 3.838888 0.013056 
366 0.261719 0.000000 -0.044425 98.837668 -0.000157 4.242892 0.021311 
367 0.321289 0.000000 -0.103135 99.259531 0.000017 4.748114 0.012500 
368 0.440430 0.000000 0.072997 111.330903 0.000878 -2.856776 -0.240273 
369 0.500000 0.000000 0.072997 102.674515 0.000727 -0.252285 -0.054212 
370 0.440430 0.000000 0.131708 102.830397 0.000407 2.130100 -0.057863 
371 0.202148 0.000000 -0.044425 98.267043 -0.000193 3.861528 0.032868 
372 0.202148 0.000000 -0.103135 97.485893 -0.000199 6.236498 0.045761 
373 0.202148 0.000000 0.014286 103.056055 -0.000049 7.375837 -0.067495 
374 0.202148 0.000000 0.072997 106.327335 0.000031 8.617560 -0.137976 
375 0.202148 0.000000 0.131708 101.657801 -0.000004 7.305956 -0.038769 
376 -0.006348 0.000000 0.043642 94.055434 -0.000339 9.942015 0.105473 
377 -0.036133 0.000000 0.043642 92.636058 -0.000426 10.945982 0.129875 
378 -0.006348 0.000000 0.072997 94.247017 -0.000333 10.061196 0.101627 
1 7 12 10 11 
2 12 2 13 10 
3 1 17 15 16 
4 17 7 11 15 
5 19 21 3 22 
6 20 19 22 9 
7 11 25 23 24 
8 25 10 26 23 
9 28 20 9 30 
10 29 28 30 4 
11 15 33 31 32 
12 33 11 24 31 
13 35 37 19 38 
14 36 35 38 20 
15 24 41 39 40 
16 41 23 42 39 
17 44 36 20 46 
18 45 44 46 28 
19 31 49 47 48 
20 49 24 40 47 
21 51 53 35 54 
22 52 51 54 36 
23 40 57 55 56 
24 57 39 58 55 
25 60 52 36 62 
26 61 60 62 44 
27 47 65 63 64 
28 65 40 56 63 
29 67 69 51 70 
30 68 67 70 52 
31 56 73 71 72 
32 73 55 74 71 
33 76 68 52 78 
34 77 76 78 60 
35 63 81 79 80 
36 81 56 72 79 
37 83 85 67 86 
38 84 83 86 68 
39 72 89 87 88 
40 89 71 90 87 
41 10 93 92 26 
42 93 13 94 92 
43 92 94 8 95 
44 26 92 95 14 
45 23 97 96 42 
46 97 26 98 96 
47 96 98 14 99 
48 42 96 99 27 
49 39 101 100 58 
50 101 42 102 100 
51 100 102 27 103 
52 55 105 104 74 
53 105 58 106 104 
54 71 109 108 90 
55 109 74 110 108 
56 108 110 59 111 
57 90 108 111 75 
58 112 84 68 114 
59 113 112 114 76 
60 115 117 83 118 
61 116 115 118 84 
62 87 121 119 120 
63 121 90 122 119 
64 119 122 75 123 
65 79 126 124 125 
66 126 72 88 124 
67 88 130 128 129 
68 130 87 120 128 
69 14 95 132 37 
70 95 8 133 132 
71 132 133 21 134 
72 37 132 134 19 
73 27 99 135 53 
74 99 14 136 135 
75 135 136 37 137 
76 53 135 137 35 
77 103 27 139 138 
78 138 139 53 140 
79 69 138 140 51 
80 141 142 69 143 
81 85 141 143 67 
82 75 111 144 117 
83 111 59 145 144 
84 144 145 85 146 
85 117 144 146 83 
86 123 75 149 147 
87 147 149 117 150 
88 148 147 150 115 
89 120 153 151 152 
90 153 119 154 151 
91 151 154 123 155 
92 156 116 84 158 
93 157 156 158 112 
94 159 148 115 161 
95 160 159 161 116 
96 128 164 162 163 
97 164 120 152 162 
98 155 123 168 166 
99 166 168 147 169 
100 167 166 169 148 
101 152 172 170 171 
102 172 151 173 170 
103 170 173 155 174 
104 175 167 148 177 
105 176 175 177 159 
106 162 180 178 179 
107 180 152 171 178 
108 174 155 184 182 
109 182 184 166 185 
110 183 182 185 167 
111 171 188 186 187 
112 188 170 189 186 
113 186 189 174 190 
114 191 183 167 193 
115 192 191 193 175 
116 178 196 194 195 
117 196 171 187 194 
118 195 194 197 181 
119 91 190 198 199 
120 190 174 200 198 
121 198 200 182 201 
122 199 198 201 183 
123 187 204 202 203 
124 204 186 205 202 
125 202 205 190 206 
126 203 202 206 91 
127 124 209 207 208 
128 209 88 129 207 
129 129 213 211 212 
130 213 128 163 211 
131 211 163 131 214 
132 212 211 214 5 
133 163 217 215 216 
134 217 162 179 215 
135 215 179 165 218 
136 216 215 218 131 
137 179 221 219 220 
138 221 178 195 219 
139 219 195 181 222 
140 220 219 222 165 
141 223 160 116 225 
142 224 223 225 156 
143 207 228 226 227 
144 228 129 212 226 
145 230 232 160 233 
146 231 230 233 223 
147 226 236 234 235 
148 236 212 237 234 
149 234 237 5 238 
150 235 234 238 229 
151 16 241 239 240 
152 241 15 32 239 
153 239 32 18 242 
154 240 239 242 6 
155 32 245 243 244 
156 245 31 48 243 
157 243 48 34 246 
158 244 243 246 18 
159 48 249 247 248 
160 249 47 64 247 
161 247 64 50 250 
162 248 247 250 34 
163 64 253 251 252 
164 253 63 80 251 
165 251 80 66 254 
166 252 251 254 50 
167 80 257 255 256 
168 257 79 125 255 
169 255 125 82 258 
170 256 255 258 66 
171 125 261 259 260 
172 261 124 208 259 
173 260 259 262 82 
174 208 265 263 264 
175 265 207 227 263 
176 6 242 267 268 
177 242 18 45 267 
178 267 45 28 269 
179 268 267 269 29 
180 18 246 270 271 
181 246 34 61 270 
182 270 61 44 272 
183 271 270 272 45 
184 34 250 273 274 
185 250 50 77 273 
186 273 77 60 275 
187 274 273 275 61 
188 50 254 276 277 
189 254 66 113 276 
190 276 113 76 278 
191 277 276 278 77 
192 66 258 279 280 
193 258 82 157 279 
194 279 157 112 281 
195 280 279 281 113 
196 82 262 282 283 
197 282 224 156 284 
198 283 282 284 157 
199 259 287 285 286 
200 287 208 264 285 
201 286 285 288 262 
202 289 231 223 291 
203 290 289 291 224 
204 264 294 292 293 
205 294 263 295 292 
206 292 295 266 296 
207 262 288 297 298 
208 297 290 224 299 
209 298 297 299 282 
210 285 302 300 301 
211 302 264 293 300 
212 301 300 303 288 
213 296 266 306 304 
214 304 306 289 307 
215 305 304 307 290 
216 293 310 308 309 
217 310 292 311 308 
218 308 311 296 312 
219 309 308 312 127 
220 288 303 313 314 
221 313 305 290 315 
222 314 313 315 297 
223 300 318 316 317 
224 318 293 309 316 
225 316 309 127 319 
226 317 316 319 303 
227 127 312 320 321 
228 312 296 322 320 
229 320 322 304 323 
230 321 320 323 305 
231 210 326 324 325 
232 326 229 327 324 
233 324 327 230 328 
234 325 324 328 231 
235 5 214 329 232 
236 214 131 176 329 
237 329 176 159 330 
238 232 329 330 160 
239 131 218 331 332 
240 218 165 192 331 
241 331 192 175 333 
242 332 331 333 176 
243 165 222 334 335 
244 222 181 336 334 
245 334 336 191 337 
246 335 334 337 192 
247 181 197 338 336 
248 197 91 199 338 
249 338 199 183 339 
250 336 338 339 191 
251 194 342 340 341 
252 342 187 203 340 
253 340 203 91 343 
254 341 340 343 197 
255 43 345 344 142 
256 345 103 346 344 
257 344 346 138 347 
258 142 344 347 69 
259 107 350 348 349 
260 350 43 351 348 
261 348 351 142 352 
262 349 348 352 141 
263 74 354 353 110 
264 354 104 355 353 
265 353 355 107 356 
266 110 353 356 59 
267 58 358 357 106 
268 358 100 359 357 
269 357 359 103 345 
270 106 357 345 43 
271 104 361 360 355 
272 361 106 362 360 
273 360 362 43 350 
274 355 360 350 107 
275 59 356 363 145 
276 356 107 349 363 
277 363 349 141 364 
278 145 363 364 85 
279 227 367 365 366 
280 367 226 235 365 
281 365 235 229 326 
282 366 365 326 210 
283 229 238 368 327 
284 238 5 369 368 
285 368 369 232 370 
286 327 368 370 230 
287 263 372 371 295 
288 372 227 366 371 
289 371 366 210 373 
290 295 371 373 266 
291 266 373 374 306 
292 373 210 325 374 
293 374 325 231 375 
294 306 374 375 289 
295 303 319 376 377 
296 319 127 321 376 
297 376 321 305 378 
298 377 376 378 313 
