2 0.000000 100.000000 747.808936
378 298 
1 -30.000000 0.000000 -30.045681 99.998609 -0.000000 0.000192 0.000028 
2 31.000000 0.000000 -30.045681 99.998601 0.000000 -0.008078 0.000028 
3 31.000000 0.000000 30.074253 100.001357 -0.000000 -0.008223 -0.000027 
4 -30.000000 0.000000 30.074253 100.001349 0.000000 0.000318 -0.000027 
5 0.500000 0.000000 0.014286 101.452370 0.000542 -0.592276 -0.029293 
6 -30.000000 0.000000 0.014286 99.999767 -0.000000 0.001917 0.000005 
7 0.500000 0.000000 -30.045681 99.996152 0.000000 -0.003928 0.000077 
8 31.000000 0.000000 0.014286 99.999774 -0.000000 -1.091463 -0.000115 
9 0.500000 0.000000 30.074253 100.004098 0.000000 -0.003939 -0.000082 
10 15.750000 0.000000 -15.015697 99.994344 0.000000 -0.031227 0.000113 
11 0.500000 0.000000 -15.015697 99.985302 0.000000 -0.015230 0.000294 
12 15.750000 0.000000 -30.045681 99.997210 0.000000 -0.007041 0.000056 
13 31.000000 0.000000 -15.015697 99.998510 0.000000 -0.031751 0.000030 
14 15.750000 0.000000 0.014286 99.998290 -0.000000 -1.097247 -0.000086 
15 -14.750000 0.000000 -15.015697 99.994403 0.000000 0.000530 0.000112 
16 -30.000000 0.000000 -15.015697 99.998519 0.000000 0.001046 0.000030 
17 -14.750000 0.000000 -30.045681 99.997225 0.000000 -0.000833 0.000056 
18 -14.750000 0.000000 0.014286 99.998159 0.000000 0.007596 0.000037 
19 15.750000 0.000000 15.044270 100.005332 0.000000 -0.032354 -0.000107 
20 0.500000 0.000000 15.044270 100.016660 0.000000 -0.015306 -0.000333 
21 31.000000 0.000000 15.044270 100.001260 0.000000 -0.032106 -0.000025 
22 15.750000 0.000000 30.074253 100.002860 -0.000000 -0.007266 -0.000057 
23 8.125000 0.000000 -7.500705 99.977248 0.000000 -0.111719 0.000454 
24 0.500000 0.000000 -7.500705 99.947700 0.000000 -0.055204 0.001045 
25 8.125000 0.000000 -15.015697 99.989070 0.000000 -0.026987 0.000219 
26 15.750000 0.000000 -7.500705 99.993642 0.000000 -0.115035 0.000126 
27 8.125000 0.000000 0.014286 99.988300 -0.000000 -1.119940 0.000109 
28 -14.750000 0.000000 15.044270 100.005263 -0.000000 0.001537 -0.000105 
29 -30.000000 0.000000 15.044270 100.001244 0.000000 0.001247 -0.000025 
30 -14.750000 0.000000 30.074253 100.002847 -0.000000 -0.000626 -0.000057 
31 -7.125000 0.000000 -7.500705 99.977684 0.000000 0.000395 0.000446 
32 -14.750000 0.000000 -7.500705 99.993692 -0.000000 0.003765 0.000126 
33 -7.125000 0.000000 -15.015697 99.989186 0.000000 -0.003618 0.000216 
34 -7.125000 0.000000 0.014286 99.986362 0.000000 0.029528 0.000273 
35 8.125000 0.000000 7.529278 100.020417 0.000000 -0.119873 -0.000410 
36 0.500000 0.000000 7.529278 100.067003 0.000000 -0.055788 -0.001341 
37 15.750000 0.000000 7.529278 100.004595 0.000000 -0.117490 -0.000093 
38 8.125000 0.000000 15.044270 100.011484 0.000000 -0.028723 -0.000230 
39 4.312500 0.000000 -3.743210 99.913430 0.000000 -0.321023 0.001720 
40 0.500000 0.000000 -3.743210 99.845765 0.000000 -0.158698 0.003080 
41 4.312500 0.000000 -7.500705 99.958907 -0.000000 -0.094875 0.000821 
42 8.125000 0.000000 -3.743210 99.972523 0.000000 -0.339136 0.000538 
43 4.312500 0.000000 0.014286 99.930961 -0.000000 -1.204092 0.001235 
44 -7.125000 0.000000 7.529278 100.019857 0.000000 0.008206 -0.000397 
45 -14.750000 0.000000 7.529278 100.004440 0.000000 0.005365 -0.000089 
46 -7.125000 0.000000 15.044270 100.011390 0.000000 -0.001986 -0.000228 
47 -3.312500 0.000000 -3.743210 99.916097 0.000000 -0.009134 0.001677 
48 -7.125000 0.000000 -3.743210 99.972488 0.000000 0.011882 0.000550 
49 -3.312500 0.000000 -7.500705 99.959843 0.000000 -0.015879 0.000803 
50 -3.312500 0.000000 0.014286 99.916127 0.000000 0.107763 0.001676 
51 4.312500 0.000000 3.771782 100.072583 -0.000000 -0.371481 -0.001466 
52 0.500000 0.000000 3.771782 100.252356 -0.000000 -0.164627 -0.005056 
53 8.125000 0.000000 3.771782 100.015105 0.000000 -0.352533 -0.000315 
54 4.312500 0.000000 7.529278 100.045366 0.000000 -0.107689 -0.000909 
55 2.406250 0.000000 -1.864462 99.718121 0.000000 -0.605535 0.005593 
56 0.500000 0.000000 -1.864462 99.680485 0.000000 -0.291062 0.006372 
57 2.406250 0.000000 -3.743210 99.863103 0.000000 -0.262010 0.002729 
58 4.312500 0.000000 -1.864462 99.887022 0.000000 -0.688874 0.002211 
59 2.406250 0.000000 0.014286 99.682076 0.000000 -1.474155 0.006131 
60 -3.312500 0.000000 3.771782 100.069926 0.000000 0.046020 -0.001399 
61 -7.125000 0.000000 3.771782 100.013633 0.000000 0.024121 -0.000273 
62 -3.312500 0.000000 7.529278 100.044855 0.000000 -0.003662 -0.000897 
63 -1.406250 0.000000 -1.864462 99.741607 0.000000 -0.071284 0.005161 
64 -3.312500 0.000000 -1.864462 99.885134 0.000000 0.026519 0.002296 
65 -1.406250 0.000000 -3.743210 99.870704 0.000000 -0.064502 0.002584 
66 -1.406250 0.000000 0.014286 99.601476 0.000000 0.360827 0.007942 
67 2.406250 0.000000 1.893034 100.220837 -0.000000 -0.865015 -0.004496 
68 0.500000 0.000000 1.893034 100.825043 -0.000000 -0.354026 -0.016581 
69 4.312500 0.000000 1.893034 100.038767 -0.000000 -0.753867 -0.000832 
70 2.406250 0.000000 3.771782 100.167259 -0.000000 -0.338506 -0.003359 
71 1.453125 0.000000 -0.925088 99.278105 0.000000 -0.665736 0.014341 
72 0.500000 0.000000 -0.925088 99.735656 0.000000 -0.213812 0.005275 
73 1.453125 0.000000 -1.864462 99.632317 0.000000 -0.450365 0.007320 
74 2.406250 0.000000 -0.925088 99.600598 0.000000 -0.986173 0.007875 
75 1.453125 0.000000 0.014286 86.496676 0.001305 -4.409228 0.249888 
76 -1.406250 0.000000 1.893034 100.224375 -0.000000 0.234782 -0.004498 
77 -3.312500 0.000000 1.893034 100.029831 0.000000 0.109465 -0.000598 
78 -1.406250 0.000000 3.771782 100.167892 0.000000 0.013626 -0.003361 
79 -0.453125 0.000000 -0.925088 99.464435 0.000000 -0.383543 0.010668 
80 -1.406250 0.000000 -0.925088 99.592358 0.000000 0.022001 0.008136 
81 -0.453125 0.000000 -1.864462 99.694412 0.000000 -0.197103 0.006099 
82 -0.453125 0.000000 0.014286 65.792977 -0.000312 1.662838 0.566852 
83 1.453125 0.000000 0.953660 100.580704 -0.000000 -1.757892 -0.011957 
84 0.500000 0.000000 0.953660 102.238853 -0.000000 -0.669782 -0.045323 
85 2.406250 0.000000 0.953660 100.053706 -0.000000 -1.317193 -0.001248 
86 1.453125 0.000000 1.893034 100.532818 -0.000000 -0.822754 -0.010752 
87 0.976562 0.000000 -0.455401 93.672077 0.000710 -2.224123 0.122060 
88 0.500000 0.000000 -0.455401 103.348765 0.000469 3.771544 -0.069519 
89 0.976562 0.000000 -0.925088 99.358012 0.000000 -0.286160 0.012790 
90 1.453125 0.000000 -0.455401 98.825768 0.000000 -1.037825 0.023239 
91 0.976562 0.000000 0.014286 90.465838 0.001214 -7.598369 0.175820 
92 23.375000 0.000000 -7.500705 99.997680 -0.000000 -0.113695 0.000045 
93 23.375000 0.000000 -15.015697 99.997196 0.000000 -0.031881 0.000056 
94 31.000000 0.000000 -7.500705 99.998940 0.000000 -0.112803 0.000020 
95 23.375000 0.000000 0.014286 99.999474 -0.000000 -1.092965 -0.000109 
96 11.937500 0.000000 -3.743210 99.989474 0.000000 -0.335511 0.000199 
97 11.937500 0.000000 -7.500705 99.988281 0.000000 -0.115147 0.000233 
98 15.750000 0.000000 -3.743210 99.995094 0.000000 -0.332409 0.000087 
99 11.937500 0.000000 0.014286 99.996127 -0.000000 -1.103212 -0.000044 
100 6.218750 0.000000 -1.864462 99.950757 0.000000 -0.686755 0.000937 
101 6.218750 0.000000 -3.743210 99.951667 0.000000 -0.337359 0.000955 
102 8.125000 0.000000 -1.864462 99.976654 0.000000 -0.673237 0.000422 
103 6.218750 0.000000 0.014286 99.974554 -0.000000 -1.147722 0.000377 
104 3.359375 0.000000 -0.925088 99.802916 0.000000 -1.000124 0.003838 
105 3.359375 0.000000 -1.864462 99.817906 0.000000 -0.672887 0.003593 
106 4.312500 0.000000 -0.925088 99.894132 0.000000 -0.979332 0.002020 
107 3.359375 0.000000 0.014286 99.864163 -0.000000 -1.280971 0.002551 
108 1.929688 0.000000 -0.455401 99.326562 0.000000 -1.260772 0.013264 
109 1.929688 0.000000 -0.925088 99.437789 0.000000 -0.901251 0.011131 
110 2.406250 0.000000 -0.455401 99.590496 0.000000 -1.253197 0.008016 
111 1.929688 0.000000 0.014286 99.446506 0.000000 -1.692221 0.010753 
112 -0.453125 0.000000 0.953660 100.710109 -0.000000 0.980404 -0.014349 
113 -1.406250 0.000000 0.953660 100.032280 -0.000000 0.469629 -0.000668 
114 -0.453125 0.000000 1.893034 100.564932 -0.000000 0.164759 -0.011333 
115 0.976562 0.000000 0.483973 95.137901 0.000907 -6.404536 0.090776 
116 0.500000 0.000000 0.483973 112.649473 0.000728 -3.492505 -0.270210 
117 1.453125 0.000000 0.483973 100.017067 -0.000000 -2.480483 -0.000957 
118 0.976562 0.000000 0.953660 101.432203 -0.000000 -1.708856 -0.029141 
119 1.214844 0.000000 -0.220557 93.630765 0.000824 -4.255109 0.121517 
120 0.976562 0.000000 -0.220557 96.726909 0.000751 -3.350430 0.063268 
121 1.214844 0.000000 -0.455401 81.580660 0.001512 -4.164195 0.332726 
122 1.453125 0.000000 -0.220557 76.810366 0.001436 -3.943712 0.408461 
123 1.214844 0.000000 0.014286 94.764120 0.000815 -4.232179 0.100185 
124 0.023438 0.000000 -0.455401 86.889782 0.000137 0.158576 0.245014 
125 -0.453125 0.000000 -0.455401 98.861908 -0.000000 -0.505009 0.022607 
126 0.023438 0.000000 -0.925088 99.731693 0.000000 -0.496653 0.005334 
127 0.023438 0.000000 0.014286 89.934550 0.000025 28.705808 0.108775 
128 0.738281 0.000000 -0.220557 99.691217 0.000708 -2.763776 0.005402 
129 0.500000 0.000000 -0.220557 105.212269 0.000512 -1.339577 -0.107142 
130 0.738281 0.000000 -0.455401 98.234168 0.000635 -2.404068 0.034427 
131 0.738281 0.000000 0.014286 102.066495 0.000697 -3.476376 -0.042965 
132 23.375000 0.000000 7.529278 100.001548 0.000000 -0.115053 -0.000032 
133 31.000000 0.000000 7.529278 100.000683 0.000000 -0.113900 -0.000015 
134 23.375000 0.000000 15.044270 100.002466 0.000000 -0.032470 -0.000049 
135 11.937500 0.000000 3.771782 100.004797 0.000000 -0.341219 -0.000108 
136 15.750000 0.000000 3.771782 100.002035 -0.000000 -0.336197 -0.000052 
137 11.937500 0.000000 7.529278 100.009178 0.000000 -0.119362 -0.000185 
138 6.218750 0.000000 1.893034 100.011359 -0.000000 -0.706452 -0.000277 
139 8.125000 0.000000 1.893034 100.003540 -0.000000 -0.679821 -0.000117 
140 6.218750 0.000000 3.771782 100.031375 0.000000 -0.362444 -0.000641 
141 3.359375 0.000000 0.953660 99.993220 -0.000000 -1.104353 0.000014 
142 4.312500 0.000000 0.953660 99.988532 -0.000000 -1.015092 0.000126 
143 3.359375 0.000000 1.893034 100.088010 -0.000000 -0.804250 -0.001826 
144 1.929688 0.000000 0.483973 99.854840 -0.000000 -1.780698 0.002584 
145 2.406250 0.000000 0.483973 99.869437 -0.000000 -1.477121 0.002391 
146 1.929688 0.000000 0.953660 100.194759 -0.000000 -1.513574 -0.004128 
147 1.214844 0.000000 0.249130 93.751456 0.000823 -4.490564 0.119050 
148 0.976562 0.000000 0.249130 97.424785 0.000784 -4.383760 0.048919 
149 1.453125 0.000000 0.249130 76.810366 0.001436 -3.943712 0.408461 
150 1.214844 0.000000 0.483973 100.460922 -0.000000 -3.105684 -0.010204 
151 1.095703 0.000000 -0.103135 95.909964 0.000794 -3.931672 0.078582 
152 0.976562 0.000000 -0.103135 97.155663 0.000764 -3.648638 0.054746 
153 1.095703 0.000000 -0.220557 95.051928 0.000796 -4.042053 0.094879 
154 1.214844 0.000000 -0.103135 93.949045 0.000782 -3.571311 0.116082 
155 1.095703 0.000000 0.014286 95.869232 0.000799 -4.050469 0.079268 
156 0.023438 0.000000 0.483973 87.417483 -0.000121 9.581231 0.226638 
157 -0.453125 0.000000 0.483973 99.969094 -0.000000 1.892159 0.000260 
158 0.023438 0.000000 0.953660 101.756852 -0.000000 0.707477 -0.035496 
159 0.738281 0.000000 0.249130 100.428058 0.000710 -3.250757 -0.009636 
160 0.500000 0.000000 0.249130 105.373965 0.000519 1.034480 -0.110474 
161 0.738281 0.000000 0.483973 104.584753 0.000613 -6.837852 -0.098473 
162 0.857422 0.000000 -0.103135 98.649480 0.000726 -3.248376 0.025773 
163 0.738281 0.000000 -0.103135 100.214724 0.000625 -1.654094 -0.004573 
164 0.857422 0.000000 -0.220557 98.172574 0.000730 -3.115780 0.035244 
165 0.857422 0.000000 0.014286 99.896037 0.000536 -4.569099 -0.000009 
166 1.095703 0.000000 0.131708 96.050591 0.000796 -4.147876 0.075708 
167 0.976562 0.000000 0.131708 97.340905 0.000770 -3.941019 0.050922 
168 1.214844 0.000000 0.131708 94.541947 0.000859 -5.029989 0.103652 
169 1.095703 0.000000 0.249130 95.241292 0.000799 -4.389870 0.090983 
170 1.036133 0.000000 -0.044425 96.021293 0.000789 -3.973726 0.076412 
171 0.976562 0.000000 -0.044425 97.115317 0.000767 -3.730731 0.055470 
172 1.036133 0.000000 -0.103135 96.064906 0.000786 -3.904965 0.075629 
173 1.095703 0.000000 -0.044425 95.860958 0.000797 -3.990455 0.079475 
174 1.036133 0.000000 0.014286 96.034723 0.000791 -4.045571 0.076097 
175 0.857422 0.000000 0.131708 98.865818 0.000737 -3.604682 0.021256 
176 0.738281 0.000000 0.131708 100.507557 0.000707 -3.056731 -0.011111 
177 0.857422 0.000000 0.249130 98.895426 0.000745 -3.918317 0.020434 
178 0.916992 0.000000 -0.044425 97.463740 0.000631 -1.534676 0.049846 
179 0.857422 0.000000 -0.044425 98.451907 0.000524 -0.006135 0.030722 
180 0.916992 0.000000 -0.103135 97.504371 0.000751 -3.593160 0.047999 
181 0.916992 0.000000 0.014286 98.248644 0.000446 -5.720235 0.031448 
182 1.036133 0.000000 0.072997 96.106766 0.000791 -4.110801 0.074659 
183 0.976562 0.000000 0.072997 97.215756 0.000770 -3.887983 0.053398 
184 1.095703 0.000000 0.072997 95.936906 0.000798 -4.104785 0.077926 
185 1.036133 0.000000 0.131708 96.222180 0.000790 -4.161640 0.072397 
186 1.006348 0.000000 -0.015069 96.386014 0.000770 -3.640839 0.069648 
187 0.976562 0.000000 -0.015069 93.871029 0.001293 -2.931342 0.117964 
188 1.006348 0.000000 -0.044425 96.386865 0.000768 -3.599835 0.069661 
189 1.036133 0.000000 -0.015069 96.020345 0.000791 -4.009858 0.076401 
190 1.006348 0.000000 0.014286 96.981623 0.000775 -3.825719 0.057993 
191 0.916992 0.000000 0.072997 97.596526 0.000758 -3.866146 0.045997 
192 0.857422 0.000000 0.072997 99.706342 0.000750 -5.463677 0.002879 
193 0.916992 0.000000 0.131708 97.700388 0.000759 -3.929228 0.043920 
194 0.946777 0.000000 -0.015069 95.852068 0.000846 -0.510312 0.081212 
195 0.916992 0.000000 -0.015069 97.741552 0.000484 -2.567165 0.044000 
196 0.946777 0.000000 -0.044425 97.291308 0.000760 -3.709407 0.052064 
197 0.946777 0.000000 0.014286 95.891024 0.000789 -6.303892 0.076517 
198 1.006348 0.000000 0.043642 97.014803 0.000775 -3.861268 0.057322 
199 0.976562 0.000000 0.043642 97.168528 0.000770 -3.853430 0.054343 
200 1.036133 0.000000 0.043642 96.064044 0.000791 -4.079596 0.075506 
201 1.006348 0.000000 0.072997 96.854662 0.000791 -4.249563 0.060112 
202 0.991455 0.000000 -0.000391 79.034222 0.001495 -0.492074 0.375335 
203 0.976562 0.000000 -0.000391 87.666363 0.001404 -3.777943 0.230034 
204 0.991455 0.000000 -0.015069 86.042236 0.001306 -1.783649 0.259355 
205 1.006348 0.000000 -0.000391 85.388539 0.001155 -3.862750 0.269388 
206 0.991455 0.000000 0.014286 85.744762 0.001164 -6.282277 0.260837 
207 0.261719 0.000000 -0.220557 98.703360 0.000331 1.589325 0.025512 
208 0.023438 0.000000 -0.220557 94.231152 0.000182 2.628960 0.111358 
209 0.261719 0.000000 -0.455401 100.241287 0.000431 -11.941000 -0.019090 
210 0.261719 0.000000 0.014286 102.751588 0.000391 2.318511 -0.056326 
211 0.619141 0.000000 -0.103135 101.948528 0.000590 -0.710509 -0.039401 
212 0.500000 0.000000 -0.103135 99.525413 0.000484 0.476645 0.009447 
213 0.619141 0.000000 -0.220557 101.669590 0.000668 -1.837443 -0.034008 
214 0.619141 0.000000 0.014286 103.638550 0.000674 -1.912438 -0.074461 
215 0.797852 0.000000 -0.044425 99.266256 0.000519 -0.099545 0.014620 
216 0.738281 0.000000 -0.044425 100.714314 0.000539 -0.612646 -0.014375 
217 0.797852 0.000000 -0.103135 99.306164 0.000716 -3.012467 0.012921 
218 0.797852 0.000000 0.014286 100.864429 0.000636 -3.946476 -0.018921 
219 0.887207 0.000000 -0.015069 98.197962 0.000319 2.088582 0.035280 
220 0.857422 0.000000 -0.015069 99.371804 0.000492 -2.436507 0.011931 
221 0.887207 0.000000 -0.044425 97.862046 0.000537 -0.021963 0.042302 
222 0.887207 0.000000 0.014286 100.541501 0.000452 -8.842896 -0.018679 
223 0.261719 0.000000 0.249130 99.196922 0.000333 2.233505 0.015498 
224 0.023438 0.000000 0.249130 95.165258 0.000190 3.789554 0.092921 
225 0.261719 0.000000 0.483973 110.212570 0.000255 14.417037 -0.235466 
226 0.380859 0.000000 -0.103135 100.881847 0.000415 1.383726 -0.017906 
227 0.261719 0.000000 -0.103135 100.232730 0.000425 1.624882 -0.004924 
228 0.380859 0.000000 -0.220557 99.881233 0.000371 1.138815 0.002244 
229 0.380859 0.000000 0.014286 102.966501 0.000433 0.851230 -0.060283 
230 0.380859 0.000000 0.131708 102.958111 0.000402 0.404548 -0.060054 
231 0.261719 0.000000 0.131708 102.419918 0.000311 2.754675 -0.049743 
232 0.500000 0.000000 0.131708 101.167126 0.000565 -1.482992 -0.023699 
233 0.380859 0.000000 0.249130 100.384960 0.000372 1.472720 -0.007931 
234 0.440430 0.000000 -0.044425 102.094210 0.000455 3.159344 -0.043321 
235 0.380859 0.000000 -0.044425 101.226858 0.000433 1.589575 -0.024940 
236 0.440430 0.000000 -0.103135 100.815781 0.000393 0.909363 -0.016465 
237 0.500000 0.000000 -0.044425 99.850568 0.000476 0.826095 0.002918 
238 0.440430 0.000000 0.014286 102.052508 0.000451 0.058809 -0.041472 
239 -22.375000 0.000000 -7.500705 99.997690 -0.000000 0.002479 0.000046 
240 -30.000000 0.000000 -7.500705 99.998943 -0.000000 0.001603 0.000021 
241 -22.375000 0.000000 -15.015697 99.997219 -0.000000 0.001174 0.000056 
242 -22.375000 0.000000 0.014286 99.999449 -0.000000 0.003399 0.000011 
243 -10.937500 0.000000 -3.743210 99.989428 -0.000000 0.008973 0.000211 
244 -14.750000 0.000000 -3.743210 99.995068 -0.000000 0.006062 0.000099 
245 -10.937500 0.000000 -7.500705 99.988422 -0.000000 0.003820 0.000232 
246 -10.937500 0.000000 0.014286 99.995718 0.000000 0.013394 0.000086 
247 -5.218750 0.000000 -1.864462 99.948009 0.000000 0.033043 0.001039 
248 -7.125000 0.000000 -1.864462 99.975677 0.000000 0.021445 0.000486 
249 -5.218750 0.000000 -3.743210 99.952046 0.000000 0.009194 0.000959 
250 -5.218750 0.000000 0.014286 99.969575 0.000000 0.055058 0.000608 
251 -2.359375 0.000000 -0.925088 99.791544 0.000000 0.071747 0.004164 
252 -3.312500 0.000000 -0.925088 99.885097 0.000000 0.065304 0.002296 
253 -2.359375 0.000000 -1.864462 99.821458 0.000000 0.002514 0.003568 
254 -2.359375 0.000000 0.014286 99.836643 0.000000 0.179347 0.003261 
255 -0.929688 0.000000 -0.455401 99.252614 0.000000 0.068119 0.014891 
256 -1.406250 0.000000 -0.455401 99.542087 0.000000 0.157411 0.009135 
257 -0.929688 0.000000 -0.925088 99.473166 0.000000 -0.116925 0.010508 
258 -0.929688 0.000000 0.014286 99.248660 -0.000000 0.563549 0.014939 
259 -0.214844 0.000000 -0.220557 88.191686 0.000039 3.060497 0.221286 
260 -0.453125 0.000000 -0.220557 46.528691 -0.000475 -1.447309 0.783299 
261 -0.214844 0.000000 -0.455401 74.341207 -0.000175 -26.020689 0.379631 
262 -0.214844 0.000000 0.014286 90.313468 0.000083 3.723173 0.182962 
263 0.142578 0.000000 -0.103135 98.465320 0.000346 1.194855 0.030315 
264 0.023438 0.000000 -0.103135 94.593389 0.000197 2.529680 0.104569 
265 0.142578 0.000000 -0.220557 96.478586 0.000238 2.406539 0.068609 
266 0.142578 0.000000 0.014286 100.756882 0.000300 3.681446 -0.016550 
267 -22.375000 0.000000 7.529278 100.001504 -0.000000 0.002902 -0.000030 
268 -30.000000 0.000000 7.529278 100.000667 0.000000 0.001753 -0.000013 
269 -22.375000 0.000000 15.044270 100.002432 -0.000000 0.001619 -0.000049 
270 -10.937500 0.000000 3.771782 100.004313 -0.000000 0.012306 -0.000086 
271 -14.750000 0.000000 3.771782 100.001856 0.000000 0.007252 -0.000037 
272 -10.937500 0.000000 7.529278 100.008867 -0.000000 0.007335 -0.000177 
273 -5.218750 0.000000 1.893034 100.006808 0.000000 0.059046 -0.000137 
274 -7.125000 0.000000 1.893034 100.001507 0.000000 0.030502 -0.000030 
275 -5.218750 0.000000 3.771782 100.028942 0.000000 0.035242 -0.000579 
276 -2.359375 0.000000 0.953660 99.971779 0.000000 0.221881 0.000559 
277 -3.312500 0.000000 0.953660 99.974685 0.000000 0.125947 0.000505 
278 -2.359375 0.000000 1.893034 100.079330 -0.000000 0.166075 -0.001590 
279 -0.929688 0.000000 0.483973 99.752563 -0.000000 0.874831 0.004866 
280 -1.406250 0.000000 0.483973 99.808159 -0.000000 0.492492 0.003809 
281 -0.929688 0.000000 0.953660 100.200402 -0.000000 0.709046 -0.004062 
282 -0.214844 0.000000 0.249130 88.441021 0.000029 4.688737 0.215620 
283 -0.453125 0.000000 0.249130 38.330535 -0.000447 21.676036 0.806092 
284 -0.214844 0.000000 0.483973 71.221080 -0.000190 46.530645 0.276246 
285 -0.095703 0.000000 -0.103135 92.417209 0.000139 2.894580 0.145068 
286 -0.214844 0.000000 -0.103135 88.917640 0.000078 3.234720 0.208319 
287 -0.095703 0.000000 -0.220557 91.880899 0.000134 2.857775 0.154973 
288 -0.095703 0.000000 0.014286 92.279761 0.000130 3.462677 0.147246 
289 0.142578 0.000000 0.131708 99.482305 0.000232 4.784041 0.008038 
290 0.023438 0.000000 0.131708 94.927646 0.000188 3.696987 0.097507 
291 0.142578 0.000000 0.249130 97.375613 0.000264 3.117699 0.050827 
292 0.083008 0.000000 -0.044425 101.572808 0.000361 -6.648631 -0.036124 
293 0.023438 0.000000 -0.044425 96.338561 0.000067 -13.980067 0.052344 
294 0.083008 0.000000 -0.103135 95.411490 0.000214 2.519056 0.089030 
295 0.142578 0.000000 -0.044425 101.797346 0.000491 -1.755726 -0.036578 
296 0.083008 0.000000 0.014286 98.709025 0.000166 7.859957 0.019475 
297 -0.095703 0.000000 0.131708 92.696904 0.000132 3.993848 0.139133 
298 -0.214844 0.000000 0.131708 89.724570 0.000040 4.344585 0.193063 
299 -0.095703 0.000000 0.249130 92.833782 0.000118 4.254223 0.136379 
300 -0.036133 0.000000 -0.044425 92.740789 0.000142 3.137198 0.138930 
301 -0.095703 0.000000 -0.044425 92.278658 0.000134 3.157169 0.147468 
302 -0.036133 0.000000 -0.103135 92.862176 0.000148 2.844939 0.136852 
303 -0.036133 0.000000 0.014286 92.753398 0.000138 3.482442 0.138468 
304 0.083008 0.000000 0.072997 100.395524 0.000146 10.385388 -0.018712 
305 0.023438 0.000000 0.072997 94.687700 0.000186 3.467383 0.102222 
306 0.142578 0.000000 0.072997 104.517071 0.000167 9.811454 -0.102008 
307 0.083008 0.000000 0.131708 95.758944 0.000204 3.661427 0.081682 
308 0.053223 0.000000 -0.015069 100.597354 0.000272 -8.179167 -0.018673 
309 0.023438 0.000000 -0.015069 94.906067 -0.000101 -25.776933 0.032839 
310 0.053223 0.000000 -0.044425 101.261814 0.000277 -9.763132 -0.034927 
311 0.083008 0.000000 -0.015069 100.425986 0.000315 -5.445383 -0.011503 
312 0.053223 0.000000 0.014286 97.349792 0.000130 13.388135 0.034378 
313 -0.036133 0.000000 0.072997 92.909400 0.000138 3.813561 0.135330 
314 -0.095703 0.000000 0.072997 92.430497 0.000130 3.757807 0.144248 
315 -0.036133 0.000000 0.131708 93.171079 0.000139 4.070243 0.130258 
316 -0.006348 0.000000 -0.015069 67.286654 -0.000213 -20.468816 0.505353 
317 -0.036133 0.000000 -0.015069 92.728577 0.000140 3.307025 0.139047 
318 -0.006348 0.000000 -0.044425 94.129446 0.000184 2.824714 0.113167 
319 -0.006348 0.000000 0.014286 58.674503 -0.000130 21.644303 0.608883 
320 0.053223 0.000000 0.043642 101.159532 0.000048 25.877763 -0.090291 
321 0.023438 0.000000 0.043642 92.543062 0.000054 24.330163 0.084382 
322 0.083008 0.000000 0.043642 102.352769 0.000101 16.773809 -0.075745 
323 0.053223 0.000000 0.072997 99.146279 0.000123 13.842031 -0.002159 
324 0.321289 0.000000 0.072997 108.030178 0.000356 1.186833 -0.167193 
325 0.261719 0.000000 0.072997 104.268068 0.000295 3.249023 -0.088239 
326 0.321289 0.000000 0.014286 102.110038 0.000401 1.535921 -0.042882 
327 0.380859 0.000000 0.072997 103.762822 0.000412 0.161522 -0.076675 
328 0.321289 0.000000 0.131708 102.039925 0.000359 1.498234 -0.041439 
329 0.619141 0.000000 0.131708 103.729939 0.000750 -3.108782 -0.076956 
330 0.619141 0.000000 0.249130 102.092956 0.000685 -2.320951 -0.042836 
331 0.797852 0.000000 0.072997 101.009981 0.000799 -6.528135 -0.024563 
332 0.738281 0.000000 0.072997 102.494593 0.000853 -5.991544 -0.054104 
333 0.797852 0.000000 0.131708 99.343038 0.000728 -3.539692 0.011843 
334 0.887207 0.000000 0.043642 99.843588 0.000595 -6.619113 -0.001255 
335 0.857422 0.000000 0.043642 100.289042 0.000634 -6.638824 -0.010197 
336 0.916992 0.000000 0.043642 98.710074 0.000566 -8.698429 0.018066 
337 0.887207 0.000000 0.072997 99.122336 0.000683 -5.650625 0.014283 
338 0.946777 0.000000 0.043642 97.784184 0.000605 -7.074020 0.038821 
339 0.946777 0.000000 0.072997 97.394802 0.000764 -3.879173 0.049920 
340 0.961670 0.000000 -0.000391 93.311043 0.001317 -3.012518 0.128397 
341 0.946777 0.000000 -0.000391 95.423572 0.000859 -3.725330 0.088046 
342 0.961670 0.000000 -0.015069 94.476497 0.001110 -2.687645 0.106697 
343 0.961670 0.000000 0.014286 94.449604 0.001039 -6.535444 0.103656 
344 2.882812 0.000000 -0.455401 99.732435 0.000000 -1.218485 0.005196 
345 2.882812 0.000000 -0.925088 99.722728 0.000000 -1.002678 0.005437 
346 3.359375 0.000000 -0.455401 99.821300 0.000000 -1.175475 0.003433 
347 2.882812 0.000000 0.014286 99.795888 0.000000 -1.360159 0.003893 
348 5.265625 0.000000 -0.925088 99.938006 0.000000 -0.959877 0.001147 
349 5.265625 0.000000 -1.864462 99.928223 0.000000 -0.687983 0.001388 
350 6.218750 0.000000 -0.925088 99.959131 0.000000 -0.951406 0.000727 
351 5.265625 0.000000 0.014286 99.960501 -0.000000 -1.165211 0.000654 
352 3.835938 0.000000 -0.455401 99.874294 0.000000 -1.147478 0.002381 
353 3.835938 0.000000 -0.925088 99.857108 0.000000 -0.990417 0.002758 
354 4.312500 0.000000 -0.455401 99.908721 0.000000 -1.125650 0.001698 
355 3.835938 0.000000 0.014286 99.904717 -0.000000 -1.235313 0.001752 
356 5.265625 0.000000 0.953660 99.990820 -0.000000 -0.971218 0.000089 
357 6.218750 0.000000 0.953660 99.993317 -0.000000 -0.953219 0.000043 
358 5.265625 0.000000 1.893034 100.019090 -0.000000 -0.721977 -0.000434 
359 2.882812 0.000000 0.483973 99.899905 -0.000000 -1.325279 0.001825 
360 3.359375 0.000000 0.483973 99.926549 -0.000000 -1.227600 0.001318 
361 2.882812 0.000000 0.953660 100.009492 -0.000000 -1.185266 -0.000330 
362 3.835938 0.000000 0.483973 99.945232 -0.000000 -1.172074 0.000958 
363 4.312500 0.000000 0.483973 99.958787 -0.000000 -1.135359 0.000695 
364 3.835938 0.000000 0.953660 99.988778 -0.000000 -1.051212 0.000114 
365 0.321289 0.000000 -0.044425 101.992832 0.000530 1.875820 -0.040606 
366 0.261719 0.000000 -0.044425 101.314808 0.000498 1.439209 -0.026676 
367 0.321289 0.000000 -0.103135 100.349784 0.000406 1.542866 -0.007246 
368 0.440430 0.000000 0.072997 108.573675 0.000604 -3.666768 -0.180169 
369 0.500000 0.000000 0.072997 101.947561 0.000592 -1.947620 -0.039710 
370 0.440430 0.000000 0.131708 102.290139 0.000421 -0.281934 -0.046335 
371 0.202148 0.000000 -0.044425 101.004200 0.000479 0.605024 -0.020221 
372 0.202148 0.000000 -0.103135 98.889114 0.000350 2.029253 0.021683 
373 0.202148 0.000000 0.014286 102.255682 0.000319 3.866866 -0.047118 
374 0.202148 0.000000 0.072997 103.779633 0.000247 5.201551 -0.079727 
375 0.202148 0.000000 0.131708 100.582026 0.000293 3.072478 -0.012618 
376 -0.006348 0.000000 0.043642 94.211187 0.000179 3.316173 0.111326 
377 -0.036133 0.000000 0.043642 92.814890 0.000138 3.654203 0.137204 
378 -0.006348 0.000000 0.072997 94.306710 0.000180 3.463542 0.109425 
1 7 12 10 11 
2 12 2 13 10 
3 1 17 15 16 
4 17 7 11 15 
5 19 21 3 22 
6 20 19 22 9 
7 11 25 23 24 
8 25 10 26 23 
9 28 20 9 30 
10 29 28 30 4 
11 15 33 31 32 
12 33 11 24 31 
13 35 37 19 38 
14 36 35 38 20 
15 24 41 39 40 
16 41 23 42 39 
17 44 36 20 46 
18 45 44 46 28 
19 31 49 47 48 
20 49 24 40 47 
21 51 53 35 54 
22 52 51 54 36 
23 40 57 55 56 
24 57 39 58 55 
25 60 52 36 62 
26 61 60 62 44 
27 47 65 63 64 
28 65 40 56 63 
29 67 69 51 70 
30 68 67 70 52 
31 56 73 71 72 
32 73 55 74 71 
33 76 68 52 78 
34 77 76 78 60 
35 63 81 79 80 
36 81 56 72 79 
37 83 85 67 86 
38 84 83 86 68 
39 72 89 87 88 
40 89 71 90 87 
41 10 93 92 26 
42 93 13 94 92 
43 92 94 8 95 
44 26 92 95 14 
45 23 97 96 42 
46 97 26 98 96 
47 96 98 14 99 
48 42 96 99 27 
49 39 101 100 58 
50 101 42 102 100 
51 100 102 27 103 
52 55 105 104 74 
53 105 58 106 104 
54 71 109 108 90 
55 109 74 110 108 
56 108 110 59 111 
57 90 108 111 75 
58 112 84 68 114 
59 113 112 114 76 
60 115 117 83 118 
61 116 115 118 84 
62 87 121 119 120 
63 121 90 122 119 
64 119 122 75 123 
65 79 126 124 125 
66 126 72 88 124 
67 88 130 128 129 
68 130 87 120 128 
69 14 95 132 37 
70 95 8 133 132 
71 132 133 21 134 
72 37 132 134 19 
73 27 99 135 53 
74 99 14 136 135 
75 135 136 37 137 
76 53 135 137 35 
77 103 27 139 138 
78 138 139 53 140 
79 69 138 140 51 
80 141 142 69 143 
81 85 141 143 67 
82 75 111 144 117 
83 111 59 145 144 
84 144 145 85 146 
85 117 144 146 83 
86 123 75 149 147 
87 147 149 117 150 
88 148 147 150 115 
89 120 153 151 152 
90 153 119 154 151 
91 151 154 123 155 
92 156 116 84 158 
93 157 156 158 112 
94 159 148 115 161 
95 160 159 161 116 
96 128 164 162 163 
97 164 120 152 162 
98 155 123 168 166 
99 166 168 147 169 
100 167 166 169 148 
101 152 172 170 171 
102 172 151 173 170 
103 170 173 155 174 
104 175 167 148 177 
105 176 175 177 159 
106 162 180 178 179 
107 180 152 171 178 
108 174 155 184 182 
109 182 184 166 185 
110 183 182 185 167 
111 171 188 186 187 
112 188 170 189 186 
113 186 189 174 190 
114 191 183 167 193 
115 192 191 193 175 
116 178 196 194 195 
117 196 171 187 194 
118 195 194 197 181 
119 91 190 198 199 
120 190 174 200 198 
121 198 200 182 201 
122 199 198 201 183 
123 187 204 202 203 
124 204 186 205 202 
125 202 205 190 206 
126 203 202 206 91 
127 124 209 207 208 
128 209 88 129 207 
129 129 213 211 212 
130 213 128 163 211 
131 211 163 131 214 
132 212 211 214 5 
133 163 217 215 216 
134 217 162 179 215 
135 215 179 165 218 
136 216 215 218 131 
137 179 221 219 220 
138 221 178 195 219 
139 219 195 181 222 
140 220 219 222 165 
141 223 160 116 225 
142 224 223 225 156 
143 207 228 226 227 
144 228 129 212 226 
145 230 232 160 233 
146 231 230 233 223 
147 226 236 234 235 
148 236 212 237 234 
149 234 237 5 238 
150 235 234 238 229 
151 16 241 239 240 
152 241 15 32 239 
153 239 32 18 242 
154 240 239 242 6 
155 32 245 243 244 
156 245 31 48 243 
157 243 48 34 246 
158 244 243 246 18 
159 48 249 247 248 
160 249 47 64 247 
161 247 64 50 250 
162 248 247 250 34 
163 64 253 251 252 
164 253 63 80 251 
165 251 80 66 254 
166 252 251 254 50 
167 80 257 255 256 
168 257 79 125 255 
169 255 125 82 258 
170 256 255 258 66 
171 125 261 259 260 
172 261 124 208 259 
173 260 259 262 82 
174 208 265 263 264 
175 265 207 227 263 
176 6 242 267 268 
177 242 18 45 267 
178 267 45 28 269 
179 268 267 269 29 
180 18 246 270 271 
181 246 34 61 270 
182 270 61 44 272 
183 271 270 272 45 
184 34 250 273 274 
185 250 50 77 273 
186 273 77 60 275 
187 274 273 275 61 
188 50 254 276 277 
189 254 66 113 276 
190 276 113 76 278 
191 277 276 278 77 
192 66 258 279 280 
193 258 82 157 279 
194 279 157 112 281 
195 280 279 281 113 
196 82 262 282 283 
197 282 224 156 284 
198 283 282 284 157 
199 259 287 285 286 
200 287 208 264 285 
201 286 285 288 262 
202 289 231 223 291 
203 290 289 291 224 
204 264 294 292 293 
205 294 263 295 292 
206 292 295 266 296 
207 262 288 297 298 
208 297 290 224 299 
209 298 297 299 282 
210 285 302 300 301 
211 302 264 293 300 
212 301 300 303 288 
213 296 266 306 304 
214 304 306 289 307 
215 305 304 307 290 
216 293 310 308 309 
217 310 292 311 308 
218 308 311 296 312 
219 309 308 312 127 
220 288 303 313 314 
221 313 305 290 315 
222 314 313 315 297 
223 300 318 316 317 
224 318 293 309 316 
225 316 309 127 319 
226 317 316 319 303 
227 127 312 320 321 
228 312 296 322 320 
229 320 322 304 323 
230 321 320 323 305 
231 210 326 324 325 
232 326 229 327 324 
233 324 327 230 328 
234 325 324 328 231 
235 5 214 329 232 
236 214 131 176 329 
237 329 176 159 330 
238 232 329 330 160 
239 131 218 331 332 
240 218 165 192 331 
241 331 192 175 333 
242 332 331 333 176 
243 165 222 334 335 
244 222 181 336 334 
245 334 336 191 337 
246 335 334 337 192 
247 181 197 338 336 
248 197 91 199 338 
249 338 199 183 339 
250 336 338 339 191 
251 194 342 340 341 
252 342 187 203 340 
253 340 203 91 343 
254 341 340 343 197 
255 74 345 344 110 
256 345 104 346 344 
257 344 346 107 347 
258 110 344 347 59 
259 58 349 348 106 
260 349 100 350 348 
261 348 350 103 351 
262 106 348 351 43 
263 104 353 352 346 
264 353 106 354 352 
265 352 354 43 355 
266 346 352 355 107 
267 43 351 356 142 
268 351 103 357 356 
269 356 357 138 358 
270 142 356 358 69 
271 59 347 359 145 
272 347 107 360 359 
273 359 360 141 361 
274 145 359 361 85 
275 107 355 362 360 
276 355 43 363 362 
277 362 363 142 364 
278 360 362 364 141 
279 227 367 365 366 
280 367 226 235 365 
281 365 235 229 326 
282 366 365 326 210 
283 229 238 368 327 
284 238 5 369 368 
285 368 369 232 370 
286 327 368 370 230 
287 263 372 371 295 
288 372 227 366 371 
289 371 366 210 373 
290 295 371 373 266 
291 266 373 374 306 
292 373 210 325 374 
293 374 325 231 375 
294 306 374 375 289 
295 303 319 376 377 
296 319 127 321 376 
297 376 321 305 378 
298 377 376 378 313 
