2 0.000000 100.000000 747.808936
383 301 
1 -30.000000 0.000000 -30.045681 99.020253 -0.000000 13.918889 0.000125 
2 31.000000 0.000000 -30.045681 99.023288 0.000000 13.883951 0.000162 
3 31.000000 0.000000 30.074253 99.040975 -0.000000 13.859393 -0.000120 
4 -30.000000 0.000000 30.074253 99.034930 0.000000 13.918369 -0.000164 
5 0.500000 0.000000 0.014286 100.626374 0.000551 3.502236 -0.013793 
6 -30.000000 0.000000 0.014286 99.027905 0.000000 13.927609 -0.000050 
7 0.500000 0.000000 -30.045681 99.008523 0.000000 13.898784 0.000414 
8 31.000000 0.000000 0.014286 99.244298 0.000000 12.347514 -0.000189 
9 0.500000 0.000000 30.074253 99.050986 -0.000000 13.893381 -0.000412 
10 15.750000 0.000000 -15.015697 99.012809 -0.000000 13.785406 0.000643 
11 0.500000 0.000000 -15.015697 98.954633 -0.000000 13.843113 0.001635 
12 15.750000 0.000000 -30.045681 99.015544 0.000000 13.885324 0.000312 
13 31.000000 0.000000 -15.015697 99.032631 0.000000 13.809941 0.000182 
14 15.750000 0.000000 0.014286 99.506016 0.000000 10.410793 -0.000983 
15 -14.750000 0.000000 -15.015697 99.000215 -0.000000 13.923244 0.000510 
16 -30.000000 0.000000 -15.015697 99.020475 -0.000000 13.923576 0.000108 
17 -14.750000 0.000000 -30.045681 99.013313 -0.000000 13.914083 0.000276 
18 -14.750000 0.000000 0.014286 99.029961 0.000000 13.958884 -0.000178 
19 15.750000 0.000000 15.044270 99.081403 -0.000000 13.694928 -0.000468 
20 0.500000 0.000000 15.044270 99.122090 -0.000000 13.823564 -0.001628 
21 31.000000 0.000000 15.044270 99.074954 -0.000000 13.608985 -0.000105 
22 15.750000 0.000000 30.074253 99.046696 0.000000 13.871925 -0.000268 
23 8.125000 0.000000 -7.500705 98.970021 -0.000000 13.419270 0.002486 
24 0.500000 0.000000 -7.500705 98.750257 0.000000 13.630360 0.006260 
25 8.125000 0.000000 -15.015697 98.982458 -0.000000 13.790861 0.001229 
26 15.750000 0.000000 -7.500705 99.047697 -0.000000 13.505954 0.000714 
27 8.125000 0.000000 0.014286 99.707122 0.000000 8.645555 -0.001626 
28 -14.750000 0.000000 15.044270 99.059219 0.000000 13.921812 -0.000655 
29 -30.000000 0.000000 15.044270 99.035177 0.000000 13.923258 -0.000182 
30 -14.750000 0.000000 30.074253 99.043421 -0.000000 13.912475 -0.000316 
31 -7.125000 0.000000 -7.500705 98.918940 -0.000000 13.938520 0.002076 
32 -14.750000 0.000000 -7.500705 99.000513 -0.000000 13.942028 0.000452 
33 -7.125000 0.000000 -15.015697 98.972709 0.000000 13.903557 0.001109 
34 -7.125000 0.000000 0.014286 99.030522 -0.000000 14.084766 -0.000543 
35 8.125000 0.000000 7.529278 99.222984 -0.000000 13.137256 -0.001779 
36 0.500000 0.000000 7.529278 99.388419 -0.000000 13.572449 -0.006227 
37 15.750000 0.000000 7.529278 99.188713 -0.000000 12.891730 -0.000460 
38 8.125000 0.000000 15.044270 99.104156 -0.000000 13.741412 -0.001046 
39 4.312500 0.000000 -3.743210 98.790506 0.000000 12.306787 0.008898 
40 0.500000 0.000000 -3.743210 98.083673 0.000000 12.990567 0.021084 
41 4.312500 0.000000 -7.500705 98.856607 0.000000 13.439307 0.004676 
42 8.125000 0.000000 -3.743210 99.077926 0.000000 12.532470 0.002650 
43 4.312500 0.000000 0.014286 99.649545 0.000000 7.455938 0.001438 
44 -7.125000 0.000000 7.529278 99.154446 -0.000000 13.937743 -0.002586 
45 -14.750000 0.000000 7.529278 99.059815 -0.000000 13.941689 -0.000722 
46 -7.125000 0.000000 15.044270 99.092962 0.000000 13.898504 -0.001258 
47 -3.312500 0.000000 -3.743210 98.602552 -0.000000 13.986812 0.008191 
48 -7.125000 0.000000 -3.743210 98.916531 0.000000 14.013173 0.001915 
49 -3.312500 0.000000 -7.500705 98.813914 -0.000000 13.859457 0.004373 
50 -3.312500 0.000000 0.014286 98.992702 0.000000 14.569889 -0.001184 
51 4.312500 0.000000 3.771782 99.620919 -0.000000 11.741471 -0.006219 
52 0.500000 0.000000 3.771782 100.253906 -0.000000 12.860208 -0.021623 
53 8.125000 0.000000 3.771782 99.443767 -0.000000 11.368162 -0.001830 
54 4.312500 0.000000 7.529278 99.312149 -0.000000 13.285145 -0.003940 
55 2.406250 0.000000 -1.864462 98.119692 0.000000 10.234180 0.026779 
56 0.500000 0.000000 -1.864462 96.429138 0.000000 11.722526 0.056400 
57 2.406250 0.000000 -3.743210 98.417778 0.000000 12.413831 0.015984 
58 4.312500 0.000000 -1.864462 98.978195 0.000000 10.510440 0.009285 
59 2.406250 0.000000 0.014286 99.197534 -0.000000 6.164965 0.012184 
60 -3.312500 0.000000 3.771782 99.506044 0.000000 14.017087 -0.009793 
61 -7.125000 0.000000 3.771782 99.153387 -0.000000 14.018742 -0.002792 
62 -3.312500 0.000000 7.529278 99.284335 -0.000000 13.849513 -0.004919 
63 -1.406250 0.000000 -1.864462 97.559868 0.000000 14.162353 0.028150 
64 -3.312500 0.000000 -1.864462 98.578918 -0.000000 14.271899 0.007851 
65 -1.406250 0.000000 -3.743210 98.248896 0.000000 13.699283 0.015948 
66 -1.406250 0.000000 0.014286 98.743154 -0.000000 16.315477 -0.001641 
67 2.406250 0.000000 1.893034 100.457257 -0.000000 9.549443 -0.018285 
68 0.500000 0.000000 1.893034 102.445079 -0.000000 11.525069 -0.062782 
69 4.312500 0.000000 1.893034 99.797491 -0.000000 9.497315 -0.004974 
70 2.406250 0.000000 3.771782 99.949721 -0.000000 12.062389 -0.013545 
71 1.453125 0.000000 -0.925088 96.577214 0.000000 7.891536 0.061057 
72 0.500000 0.000000 -0.925088 93.866292 0.000000 9.985859 0.108940 
73 1.453125 0.000000 -1.864462 97.219709 0.000000 10.532971 0.043738 
74 2.406250 0.000000 -0.925088 98.290230 0.000000 8.144815 0.027269 
75 1.453125 0.000000 0.014286 85.697353 0.002317 -4.566315 0.263511 
76 -1.406250 0.000000 1.893034 100.622038 -0.000000 14.413482 -0.033254 
77 -3.312500 0.000000 1.893034 99.477873 -0.000000 14.336113 -0.010137 
78 -1.406250 0.000000 3.771782 99.955604 -0.000000 13.722745 -0.017944 
79 -0.453125 0.000000 -0.925088 94.791485 0.000000 14.530859 0.080343 
80 -1.406250 0.000000 -0.925088 97.407295 0.000000 15.163692 0.028188 
81 -0.453125 0.000000 -1.864462 96.642772 0.000000 13.333947 0.048238 
82 -0.453125 0.000000 0.014286 62.849212 -0.001935 46.526019 0.388531 
83 1.453125 0.000000 0.953660 101.945290 -0.000000 6.631216 -0.043682 
84 0.500000 0.000000 0.953660 106.527151 -0.000000 9.479220 -0.143789 
85 2.406250 0.000000 0.953660 100.227551 -0.000000 7.440005 -0.010092 
86 1.453125 0.000000 1.893034 101.449366 -0.000000 9.916722 -0.039032 
87 0.976562 0.000000 -0.455401 91.706499 0.001776 -2.548188 0.158342 
88 0.500000 0.000000 -0.455401 89.951572 -0.001458 3.447028 0.189683 
89 0.976562 0.000000 -0.925088 95.185742 0.000000 8.464868 0.086802 
90 1.453125 0.000000 -0.455401 96.629785 0.000000 5.739074 0.062975 
91 0.976562 0.000000 0.014286 89.964250 0.001999 -7.825627 0.184519 
92 23.375000 0.000000 -7.500705 99.058925 0.000000 13.584563 0.000279 
93 23.375000 0.000000 -15.015697 99.027046 -0.000000 13.796908 0.000329 
94 31.000000 0.000000 -7.500705 99.058120 -0.000000 13.642577 0.000137 
95 23.375000 0.000000 0.014286 99.345964 -0.000000 11.605669 -0.000431 
96 11.937500 0.000000 -3.743210 99.130103 0.000000 12.763437 0.001032 
97 11.937500 0.000000 -7.500705 99.025298 -0.000000 13.458942 0.001285 
98 15.750000 0.000000 -3.743210 99.134270 0.000000 12.942366 0.000489 
99 11.937500 0.000000 0.014286 99.608188 0.000000 9.599394 -0.001394 
100 6.218750 0.000000 -1.864462 99.217169 0.000000 10.906703 0.003700 
101 6.218750 0.000000 -3.743210 98.989410 0.000000 12.402855 0.004727 
102 8.125000 0.000000 -1.864462 99.283074 0.000000 11.256433 0.001616 
103 6.218750 0.000000 0.014286 99.728845 0.000000 8.084102 -0.001120 
104 3.359375 0.000000 -0.925088 98.962313 0.000000 8.628928 0.013200 
105 3.359375 0.000000 -1.864462 98.674957 0.000000 10.315644 0.015684 
106 4.312500 0.000000 -0.925088 99.257871 0.000000 9.026804 0.006639 
107 3.359375 0.000000 0.014286 99.489292 -0.000000 7.016067 0.005266 
108 1.929688 0.000000 -0.455401 97.986361 0.000000 6.387721 0.035787 
109 1.929688 0.000000 -0.925088 97.621871 0.000000 7.904342 0.040749 
110 2.406250 0.000000 -0.455401 98.636438 0.000000 6.966448 0.022232 
111 1.929688 0.000000 0.014286 98.905498 -0.000000 5.278735 0.018984 
112 -0.453125 0.000000 0.953660 103.680292 -0.000000 15.791576 -0.099898 
113 -1.406250 0.000000 0.953660 100.464626 -0.000000 15.559638 -0.033524 
114 -0.453125 0.000000 1.893034 101.889043 -0.000000 13.610296 -0.056662 
115 0.976562 0.000000 0.483973 95.483738 0.002658 -6.766892 0.083706 
116 0.500000 0.000000 0.483973 125.108869 0.002245 -3.463193 -0.566422 
117 1.453125 0.000000 0.483973 100.964602 -0.000000 4.214459 -0.021161 
118 0.976562 0.000000 0.953660 104.152071 -0.000000 6.949940 -0.089596 
119 1.214844 0.000000 -0.220557 92.768921 0.002212 -4.575842 0.137299 
120 0.976562 0.000000 -0.220557 95.351944 0.001960 -3.769072 0.089380 
121 1.214844 0.000000 -0.455401 80.817214 0.002210 -4.259180 0.345044 
122 1.453125 0.000000 -0.220557 76.090637 0.001852 -3.989038 0.419430 
123 1.214844 0.000000 0.014286 93.949976 0.002212 -4.591952 0.115232 
124 0.023438 0.000000 -0.455401 77.333943 -0.002108 24.411555 0.342354 
125 -0.453125 0.000000 -0.455401 93.684836 0.000000 17.249091 0.092562 
126 0.023438 0.000000 -0.925088 93.498359 0.000000 12.466402 0.110265 
127 0.023438 0.000000 0.014286 116.937026 -0.000717 52.871629 -0.646968 
128 0.738281 0.000000 -0.220557 98.071504 0.001559 -3.211283 0.037167 
129 0.500000 0.000000 -0.220557 102.396173 0.000472 -0.089296 -0.048498 
130 0.738281 0.000000 -0.455401 95.895781 0.001733 -2.855634 0.079584 
131 0.738281 0.000000 0.014286 101.556940 0.001948 -4.005122 -0.032985 
132 23.375000 0.000000 7.529278 99.229092 -0.000000 12.513004 -0.000299 
133 31.000000 0.000000 7.529278 99.311629 -0.000000 11.902169 -0.000446 
134 23.375000 0.000000 15.044270 99.073683 -0.000000 13.656233 -0.000209 
135 11.937500 0.000000 3.771782 99.470363 -0.000000 10.874289 -0.001260 
136 15.750000 0.000000 3.771782 99.547634 -0.000000 10.245859 -0.001471 
137 11.937500 0.000000 7.529278 99.190048 -0.000000 13.023836 -0.000829 
138 6.218750 0.000000 1.893034 99.713084 -0.000000 9.295801 -0.002911 
139 8.125000 0.000000 1.893034 99.725415 -0.000000 9.000995 -0.002618 
140 6.218750 0.000000 3.771782 99.482870 -0.000000 11.561713 -0.003051 
141 3.359375 0.000000 0.953660 99.871259 -0.000000 7.886877 -0.003647 
142 4.312500 0.000000 0.953660 99.805810 -0.000000 8.025523 -0.002561 
143 3.359375 0.000000 1.893034 99.985497 -0.000000 9.520363 -0.008774 
144 1.929688 0.000000 0.483973 100.059613 -0.000000 5.698207 -0.004440 
145 2.406250 0.000000 0.483973 99.795719 -0.000000 6.479854 -0.000117 
146 1.929688 0.000000 0.953660 100.778736 -0.000000 7.028430 -0.020575 
147 1.214844 0.000000 0.249130 92.966806 0.002241 -4.813950 0.133400 
148 0.976562 0.000000 0.249130 97.231666 0.002195 -4.812209 0.052285 
149 1.453125 0.000000 0.249130 76.090637 0.001852 -3.989038 0.419430 
150 1.214844 0.000000 0.483973 102.208948 -0.000000 3.096700 -0.045626 
151 1.095703 0.000000 -0.103135 95.057856 0.002134 -4.326559 0.094528 
152 0.976562 0.000000 -0.103135 96.289254 0.002011 -4.071829 0.071180 
153 1.095703 0.000000 -0.220557 94.166290 0.002184 -4.409365 0.111327 
154 1.214844 0.000000 -0.103135 92.665683 0.002058 -3.905686 0.139782 
155 1.095703 0.000000 0.014286 95.067649 0.002153 -4.443931 0.094239 
156 0.023438 0.000000 0.483973 98.337956 -0.000886 36.099263 -0.097351 
157 -0.453125 0.000000 0.483973 103.502860 -0.000000 19.466721 -0.109180 
158 0.023438 0.000000 0.953660 106.302358 -0.000000 13.591941 -0.148493 
159 0.738281 0.000000 0.249130 100.609943 0.001802 -3.673021 -0.013585 
160 0.500000 0.000000 0.249130 106.986138 0.000741 2.519844 -0.145238 
161 0.738281 0.000000 0.483973 106.533246 0.002587 -7.446121 -0.140478 
162 0.857422 0.000000 -0.103135 97.764177 0.001827 -3.688336 0.042856 
163 0.738281 0.000000 -0.103135 98.695806 0.001397 -2.084077 0.025479 
164 0.857422 0.000000 -0.220557 96.708065 0.001798 -3.562751 0.063486 
165 0.857422 0.000000 0.014286 99.314975 0.002113 -5.036644 0.011117 
166 1.095703 0.000000 0.131708 95.299779 0.002168 -4.546216 0.089728 
167 0.976562 0.000000 0.131708 96.640489 0.002060 -4.368539 0.064153 
168 1.214844 0.000000 0.131708 94.194127 0.002381 -5.379404 0.109853 
169 1.095703 0.000000 0.249130 94.497362 0.002236 -4.761815 0.104757 
170 1.036133 0.000000 -0.044425 95.187925 0.002141 -4.371087 0.092015 
171 0.976562 0.000000 -0.044425 96.287579 0.002027 -4.152560 0.071146 
172 1.036133 0.000000 -0.103135 95.202713 0.002129 -4.303773 0.091792 
173 1.095703 0.000000 -0.044425 95.033006 0.002144 -4.383827 0.094951 
174 1.036133 0.000000 0.014286 95.233390 0.002152 -4.443130 0.091086 
175 0.857422 0.000000 0.131708 98.239749 0.001894 -4.048665 0.033256 
176 0.738281 0.000000 0.131708 99.986556 0.001663 -3.476259 -0.000940 
177 0.857422 0.000000 0.249130 98.844774 0.002027 -4.363899 0.021067 
178 0.916992 0.000000 -0.044425 95.932386 0.001672 -1.957131 0.079315 
179 0.857422 0.000000 -0.044425 96.327569 0.001307 -0.440858 0.072081 
180 0.916992 0.000000 -0.103135 96.623064 0.001996 -4.025798 0.064778 
181 0.916992 0.000000 0.014286 97.728893 0.002189 -6.111725 0.041171 
182 1.036133 0.000000 0.072997 95.337509 0.002162 -4.510275 0.089042 
183 0.976562 0.000000 0.072997 96.475451 0.002053 -4.312170 0.067389 
184 1.095703 0.000000 0.072997 95.161745 0.002161 -4.500018 0.092399 
185 1.036133 0.000000 0.131708 95.481925 0.002170 -4.564340 0.086237 
186 1.006348 0.000000 -0.015069 95.171462 0.002022 -4.048873 0.092600 
187 0.976562 0.000000 -0.015069 92.858655 0.002641 -3.235401 0.136680 
188 1.006348 0.000000 -0.044425 95.151962 0.002014 -4.008006 0.093004 
189 1.036133 0.000000 -0.015069 95.202778 0.002146 -4.407097 0.091701 
190 1.006348 0.000000 0.014286 96.196848 0.002045 -4.243852 0.072816 
191 0.916992 0.000000 0.072997 96.867351 0.002045 -4.300574 0.059822 
192 0.857422 0.000000 0.072997 99.742889 0.002286 -5.934589 0.001614 
193 0.916992 0.000000 0.131708 97.018479 0.002054 -4.366427 0.056835 
194 0.946777 0.000000 -0.015069 94.352861 0.002299 -0.853742 0.109681 
195 0.916992 0.000000 -0.015069 96.469420 0.001861 -2.955453 0.068492 
196 0.946777 0.000000 -0.044425 96.459909 0.002021 -4.135936 0.067838 
197 0.946777 0.000000 0.014286 95.422425 0.002384 -6.623334 0.085069 
198 1.006348 0.000000 0.043642 96.250160 0.002051 -4.280218 0.071759 
199 0.976562 0.000000 0.043642 96.406514 0.002048 -4.276397 0.068750 
200 1.036133 0.000000 0.043642 95.278955 0.002157 -4.477914 0.090187 
201 1.006348 0.000000 0.072997 96.508658 0.002175 -4.662878 0.066434 
202 0.991455 0.000000 -0.000391 78.107500 0.002411 -0.591854 0.389887 
203 0.976562 0.000000 -0.000391 86.812359 0.002415 -3.974321 0.244782 
204 0.991455 0.000000 -0.015069 85.002359 0.002312 -1.992110 0.277063 
205 1.006348 0.000000 -0.000391 84.635586 0.001936 -4.066730 0.282028 
206 0.991455 0.000000 0.014286 85.260143 0.001814 -6.467411 0.268888 
207 0.261719 0.000000 -0.220557 96.447978 -0.000722 13.095209 0.052630 
208 0.023438 0.000000 -0.220557 91.054303 -0.001440 19.968948 0.131036 
209 0.261719 0.000000 -0.455401 71.859055 -0.002540 -3.112691 0.482659 
210 0.261719 0.000000 0.014286 102.060349 -0.000705 10.111331 -0.051855 
211 0.619141 0.000000 -0.103135 98.977902 0.000868 -0.990599 0.020239 
212 0.500000 0.000000 -0.103135 96.825017 0.000213 5.475265 0.059494 
213 0.619141 0.000000 -0.220557 100.585441 0.001233 -2.122870 -0.012194 
214 0.619141 0.000000 0.014286 103.016274 0.001340 -2.190202 -0.061715 
215 0.797852 0.000000 -0.044425 96.554403 0.001173 -0.557831 0.067694 
216 0.738281 0.000000 -0.044425 98.418710 0.001270 -1.094766 0.031256 
217 0.797852 0.000000 -0.103135 97.895725 0.001660 -3.455006 0.040449 
218 0.797852 0.000000 0.014286 99.991126 0.002019 -4.456834 -0.001809 
219 0.887207 0.000000 -0.015069 95.417094 0.001032 1.677544 0.089276 
220 0.857422 0.000000 -0.015069 98.028774 0.001742 -2.891815 0.038200 
221 0.887207 0.000000 -0.044425 95.480609 0.001338 -0.451897 0.088325 
222 0.887207 0.000000 0.014286 101.092529 0.002727 -9.305356 -0.030629 
223 0.261719 0.000000 0.249130 99.729731 -0.000530 14.074509 -0.014411 
224 0.023438 0.000000 0.249130 95.984071 -0.001111 20.943831 0.034841 
225 0.261719 0.000000 0.483973 134.561410 0.000729 20.373625 -0.852186 
226 0.380859 0.000000 -0.103135 97.231705 -0.000475 8.346287 0.047634 
227 0.261719 0.000000 -0.103135 95.311194 -0.001042 10.716550 0.080093 
228 0.380859 0.000000 -0.220557 97.935125 -0.000375 10.512708 0.029819 
229 0.380859 0.000000 0.014286 102.146958 -0.000154 6.693632 -0.047881 
230 0.380859 0.000000 0.131708 104.947318 0.000188 7.359871 -0.106811 
231 0.261719 0.000000 0.131708 105.600396 -0.000321 12.000232 -0.129545 
232 0.500000 0.000000 0.131708 102.191700 0.000814 3.488085 -0.045531 
233 0.380859 0.000000 0.249130 100.421209 -0.000183 10.784772 -0.020073 
234 0.440430 0.000000 -0.044425 93.773650 -0.000843 5.237143 0.117907 
235 0.380859 0.000000 -0.044425 96.995458 -0.000562 7.913182 0.052926 
236 0.440430 0.000000 -0.103135 98.159239 -0.000127 7.388747 0.031017 
237 0.500000 0.000000 -0.044425 96.724101 0.000148 5.375634 0.061555 
238 0.440430 0.000000 0.014286 101.175964 0.000212 5.393683 -0.026567 
239 -22.375000 0.000000 -7.500705 99.018156 0.000000 13.931901 0.000131 
240 -30.000000 0.000000 -7.500705 99.023220 -0.000000 13.926381 0.000046 
241 -22.375000 0.000000 -15.015697 99.014303 -0.000000 13.925011 0.000226 
242 -22.375000 0.000000 0.014286 99.028574 -0.000000 13.935684 -0.000086 
243 -10.937500 0.000000 -3.743210 98.989646 0.000000 13.975169 0.000574 
244 -14.750000 0.000000 -3.743210 99.011201 -0.000000 13.953544 0.000208 
245 -10.937500 0.000000 -7.500705 98.975283 0.000000 13.947136 0.000937 
246 -10.937500 0.000000 0.014286 99.031012 0.000000 13.991510 -0.000290 
247 -5.218750 0.000000 -1.864462 98.857301 0.000000 14.160512 0.002671 
248 -7.125000 0.000000 -1.864462 98.956706 -0.000000 14.060679 0.000987 
249 -5.218750 0.000000 -3.743210 98.815200 0.000000 14.029994 0.003872 
250 -5.218750 0.000000 0.014286 99.023423 -0.000000 14.224147 -0.000796 
251 -2.359375 0.000000 -0.925088 98.377751 -0.000000 14.742688 0.010447 
252 -3.312500 0.000000 -0.925088 98.719131 -0.000000 14.461892 0.004539 
253 -2.359375 0.000000 -1.864462 98.221594 0.000000 14.315577 0.014758 
254 -2.359375 0.000000 0.014286 98.935658 -0.000000 15.045241 -0.001462 
255 -0.929688 0.000000 -0.455401 96.679726 0.000000 16.669337 0.037516 
256 -1.406250 0.000000 -0.455401 97.830827 -0.000000 15.858345 0.017764 
257 -0.929688 0.000000 -0.925088 96.366989 0.000000 15.204064 0.048224 
258 -0.929688 0.000000 0.014286 98.433923 -0.000000 17.931505 -0.001078 
259 -0.214844 0.000000 -0.220557 85.537988 -0.001687 27.624726 0.192013 
260 -0.453125 0.000000 -0.220557 42.002028 -0.002039 58.359786 0.482996 
261 -0.214844 0.000000 -0.455401 38.225551 -0.002931 11.057211 0.841655 
262 -0.214844 0.000000 0.014286 88.988669 -0.001545 25.914305 0.140947 
263 0.142578 0.000000 -0.103135 93.355981 -0.001262 13.606309 0.109953 
264 0.023438 0.000000 -0.103135 92.443684 -0.001279 19.639603 0.106845 
265 0.142578 0.000000 -0.220557 93.553291 -0.001212 16.958226 0.096020 
266 0.142578 0.000000 0.014286 100.521751 -0.001012 14.939000 -0.032780 
267 -22.375000 0.000000 7.529278 99.038962 0.000000 13.931650 -0.000281 
268 -30.000000 0.000000 7.529278 99.032557 -0.000000 13.926226 -0.000139 
269 -22.375000 0.000000 15.044270 99.042542 0.000000 13.924411 -0.000331 
270 -10.937500 0.000000 3.771782 99.073545 -0.000000 13.976058 -0.001090 
271 -14.750000 0.000000 3.771782 99.048926 0.000000 13.953602 -0.000539 
272 -10.937500 0.000000 7.529278 99.088900 0.000000 13.946836 -0.001312 
273 -5.218750 0.000000 1.893034 99.202212 -0.000000 14.178711 -0.004211 
274 -7.125000 0.000000 1.893034 99.107512 -0.000000 14.065864 -0.002015 
275 -5.218750 0.000000 3.771782 99.263473 -0.000000 14.043628 -0.005046 
276 -2.359375 0.000000 0.953660 99.575159 -0.000000 14.871995 -0.013639 
277 -3.312500 0.000000 0.953660 99.290484 0.000000 14.511573 -0.006919 
278 -2.359375 0.000000 1.893034 99.852220 -0.000000 14.447424 -0.017919 
279 -0.929688 0.000000 0.483973 100.655181 -0.000000 17.409487 -0.043456 
280 -1.406250 0.000000 0.483973 99.791481 -0.000000 16.162233 -0.021956 
281 -0.929688 0.000000 0.953660 101.589890 -0.000000 15.955543 -0.057509 
282 -0.214844 0.000000 0.249130 88.095813 -0.001587 29.156470 0.138903 
283 -0.453125 0.000000 0.249130 57.751398 -0.001479 86.975847 -0.090002 
284 -0.214844 0.000000 0.483973 116.867532 -0.000542 86.922218 -1.121349 
285 -0.095703 0.000000 -0.103135 90.327997 -0.001453 22.581399 0.133093 
286 -0.214844 0.000000 -0.103135 85.793876 -0.001714 26.580843 0.193287 
287 -0.095703 0.000000 -0.220557 88.546527 -0.001606 22.934798 0.163351 
288 -0.095703 0.000000 0.014286 91.065377 -0.001416 23.361002 0.116136 
289 0.142578 0.000000 0.131708 102.454687 -0.000760 17.548058 -0.080490 
290 0.023438 0.000000 0.131708 94.795600 -0.001167 20.671924 0.058647 
291 0.142578 0.000000 0.249130 98.116739 -0.000849 17.518475 0.006621 
292 0.083008 0.000000 -0.044425 83.474469 -0.002111 4.739823 0.300955 
293 0.023438 0.000000 -0.044425 73.300881 -0.002188 4.245998 0.460895 
294 0.083008 0.000000 -0.103135 93.243882 -0.001254 18.766526 0.095340 
295 0.142578 0.000000 -0.044425 89.482343 -0.001771 7.266937 0.194010 
296 0.083008 0.000000 0.014286 104.349605 -0.000941 22.428879 -0.139189 
297 -0.095703 0.000000 0.131708 92.333547 -0.001366 23.546499 0.092008 
298 -0.214844 0.000000 0.131708 90.058174 -0.001459 27.648417 0.112509 
299 -0.095703 0.000000 0.249130 93.621422 -0.001300 24.165219 0.065107 
300 -0.036133 0.000000 -0.044425 91.005049 -0.001432 22.552957 0.120945 
301 -0.095703 0.000000 -0.044425 90.594369 -0.001438 23.018216 0.126282 
302 -0.036133 0.000000 -0.103135 90.668219 -0.001450 22.093664 0.129114 
303 -0.036133 0.000000 0.014286 91.559018 -0.001407 22.933193 0.109101 
304 0.083008 0.000000 0.072997 109.729000 -0.000789 24.026532 -0.261773 
305 0.023438 0.000000 0.072997 94.113362 -0.001201 20.654599 0.071606 
306 0.142578 0.000000 0.072997 115.661673 -0.000441 19.732157 -0.376698 
307 0.083008 0.000000 0.131708 95.695959 -0.001132 19.795848 0.045041 
308 0.053223 0.000000 -0.015069 81.633191 -0.002120 4.878524 0.331222 
309 0.023438 0.000000 -0.015069 58.718658 -0.002694 -4.294324 0.653368 
310 0.053223 0.000000 -0.044425 79.886347 -0.002238 2.887961 0.360983 
311 0.083008 0.000000 -0.015069 84.859096 -0.001965 7.078576 0.274883 
312 0.053223 0.000000 0.014286 108.663662 -0.000885 29.871534 -0.270010 
313 -0.036133 0.000000 0.072997 92.246230 -0.001378 23.153083 0.095457 
314 -0.095703 0.000000 0.072997 91.678784 -0.001391 23.543566 0.104070 
315 -0.036133 0.000000 0.131708 92.943025 -0.001350 23.184093 0.082409 
316 -0.006348 0.000000 -0.015069 45.740995 -0.001944 20.816105 0.747445 
317 -0.036133 0.000000 -0.015069 91.258445 -0.001420 22.758797 0.115393 
318 -0.006348 0.000000 -0.044425 92.457013 -0.001271 20.468390 0.103275 
319 -0.006348 0.000000 0.014286 75.297777 -0.001304 67.976810 -0.029060 
320 0.053223 0.000000 0.043642 128.056447 -0.000429 41.219608 -0.809751 
321 0.023438 0.000000 0.043642 115.253454 -0.000745 45.952361 -0.539498 
322 0.083008 0.000000 0.043642 119.607568 -0.000566 29.862477 -0.519774 
323 0.053223 0.000000 0.072997 111.863797 -0.000774 29.004887 -0.335479 
324 0.321289 0.000000 0.072997 115.732331 0.000360 5.753490 -0.342708 
325 0.261719 0.000000 0.072997 109.351569 -0.000216 11.304269 -0.208555 
326 0.321289 0.000000 0.014286 101.285543 -0.000428 9.102480 -0.034162 
327 0.380859 0.000000 0.072997 106.327384 0.000255 6.548900 -0.134840 
328 0.321289 0.000000 0.131708 103.731841 -0.000143 10.005849 -0.086041 
329 0.619141 0.000000 0.131708 105.391232 0.001717 -3.339787 -0.111847 
330 0.619141 0.000000 0.249130 101.869021 0.001379 -2.600897 -0.038406 
331 0.797852 0.000000 0.072997 101.720394 0.002560 -7.042129 -0.039663 
332 0.738281 0.000000 0.072997 103.656570 0.002452 -6.507597 -0.078703 
333 0.797852 0.000000 0.131708 98.746595 0.001868 -3.994824 0.023315 
334 0.887207 0.000000 0.043642 99.975018 0.002427 -7.077519 -0.004510 
335 0.857422 0.000000 0.043642 100.465007 0.002456 -7.119907 -0.014391 
336 0.916992 0.000000 0.043642 99.069377 0.002576 -9.121852 0.010205 
337 0.887207 0.000000 0.072997 98.972986 0.002216 -6.094458 0.016721 
338 0.946777 0.000000 0.043642 97.634805 0.002295 -7.478870 0.041151 
339 0.946777 0.000000 0.072997 96.659733 0.002050 -4.308131 0.063834 
340 0.961670 0.000000 -0.000391 92.256653 0.002741 -3.278067 0.147796 
341 0.946777 0.000000 -0.000391 94.430205 0.002266 -4.038622 0.106663 
342 0.961670 0.000000 -0.015069 93.370414 0.002528 -2.991091 0.127302 
343 0.961670 0.000000 0.014286 93.929631 0.002318 -6.820649 0.113070 
344 2.882812 0.000000 0.483973 99.724229 -0.000000 6.900199 0.000747 
345 2.882812 0.000000 0.014286 99.365986 -0.000000 6.658819 0.008206 
346 3.359375 0.000000 0.483973 99.714937 -0.000000 7.180867 0.000537 
347 2.882812 0.000000 0.953660 99.990821 -0.000000 7.717609 -0.005773 
348 2.882812 0.000000 -0.455401 98.983372 0.000000 7.373213 0.014793 
349 2.882812 0.000000 -0.925088 98.695441 0.000000 8.398357 0.018868 
350 3.359375 0.000000 -0.455401 99.208394 0.000000 7.716318 0.009815 
351 5.265625 0.000000 0.953660 99.812398 -0.000000 8.010927 -0.002669 
352 5.265625 0.000000 0.014286 99.713910 0.000000 7.798727 -0.000368 
353 6.218750 0.000000 0.953660 99.832899 -0.000000 7.915185 -0.002926 
354 5.265625 0.000000 1.893034 99.729456 -0.000000 9.422018 -0.003474 
355 3.835938 0.000000 0.483973 99.737077 -0.000000 7.329200 -0.000120 
356 3.835938 0.000000 0.014286 99.583423 0.000000 7.256790 0.003048 
357 4.312500 0.000000 0.483973 99.770382 -0.000000 7.413002 -0.000908 
358 3.835938 0.000000 0.953660 99.820853 -0.000000 7.982967 -0.002793 
359 3.121094 0.000000 0.249130 99.583589 0.000000 6.847092 0.003623 
360 2.882812 0.000000 0.249130 99.554367 -0.000000 6.656692 0.004462 
361 3.121094 0.000000 0.014286 99.433224 -0.000000 6.866440 0.006589 
362 3.359375 0.000000 0.249130 99.612665 0.000000 6.976325 0.002865 
363 3.121094 0.000000 0.483973 99.714592 -0.000000 7.070606 0.000701 
364 5.265625 0.000000 -0.925088 99.389381 0.000000 9.359169 0.003416 
365 5.265625 0.000000 -1.864462 99.137874 0.000000 10.719045 0.005678 
366 6.218750 0.000000 -0.925088 99.441554 0.000000 9.628936 0.001866 
367 3.835938 0.000000 -0.455401 99.353459 0.000000 7.973341 0.006532 
368 3.835938 0.000000 -0.925088 99.139294 0.000000 8.837472 0.009330 
369 4.312500 0.000000 -0.455401 99.448944 0.000000 8.194321 0.004276 
370 0.321289 0.000000 -0.044425 94.257430 -0.001220 7.097366 0.106516 
371 0.261719 0.000000 -0.044425 94.233161 -0.001286 8.902863 0.104085 
372 0.321289 0.000000 -0.103135 96.973902 -0.000662 10.075767 0.049454 
373 0.440430 0.000000 0.072997 115.432015 0.001313 -1.492618 -0.332678 
374 0.500000 0.000000 0.072997 103.424044 0.000930 2.577232 -0.070317 
375 0.440430 0.000000 0.131708 103.261224 0.000356 6.145288 -0.070065 
376 0.202148 0.000000 -0.044425 93.229801 -0.001351 9.279350 0.122210 
377 0.202148 0.000000 -0.103135 94.680735 -0.001147 13.230194 0.086052 
378 0.202148 0.000000 0.014286 103.906496 -0.000687 13.198496 -0.097076 
379 0.202148 0.000000 0.072997 110.081712 -0.000348 14.279256 -0.232188 
380 0.202148 0.000000 0.131708 102.975958 -0.000523 14.338201 -0.080963 
381 -0.006348 0.000000 0.043642 93.346609 -0.001230 20.955614 0.084727 
382 -0.036133 0.000000 0.043642 91.893588 -0.001393 23.066579 0.102350 
383 -0.006348 0.000000 0.072997 93.697762 -0.001214 21.027159 0.077859 
1 7 12 10 11 
2 12 2 13 10 
3 1 17 15 16 
4 17 7 11 15 
5 19 21 3 22 
6 20 19 22 9 
7 11 25 23 24 
8 25 10 26 23 
9 28 20 9 30 
10 29 28 30 4 
11 15 33 31 32 
12 33 11 24 31 
13 35 37 19 38 
14 36 35 38 20 
15 24 41 39 40 
16 41 23 42 39 
17 44 36 20 46 
18 45 44 46 28 
19 31 49 47 48 
20 49 24 40 47 
21 51 53 35 54 
22 52 51 54 36 
23 40 57 55 56 
24 57 39 58 55 
25 60 52 36 62 
26 61 60 62 44 
27 47 65 63 64 
28 65 40 56 63 
29 67 69 51 70 
30 68 67 70 52 
31 56 73 71 72 
32 73 55 74 71 
33 76 68 52 78 
34 77 76 78 60 
35 63 81 79 80 
36 81 56 72 79 
37 83 85 67 86 
38 84 83 86 68 
39 72 89 87 88 
40 89 71 90 87 
41 10 93 92 26 
42 93 13 94 92 
43 92 94 8 95 
44 26 92 95 14 
45 23 97 96 42 
46 97 26 98 96 
47 96 98 14 99 
48 42 96 99 27 
49 39 101 100 58 
50 101 42 102 100 
51 100 102 27 103 
52 55 105 104 74 
53 105 58 106 104 
54 71 109 108 90 
55 109 74 110 108 
56 108 110 59 111 
57 90 108 111 75 
58 112 84 68 114 
59 113 112 114 76 
60 115 117 83 118 
61 116 115 118 84 
62 87 121 119 120 
63 121 90 122 119 
64 119 122 75 123 
65 79 126 124 125 
66 126 72 88 124 
67 88 130 128 129 
68 130 87 120 128 
69 14 95 132 37 
70 95 8 133 132 
71 132 133 21 134 
72 37 132 134 19 
73 27 99 135 53 
74 99 14 136 135 
75 135 136 37 137 
76 53 135 137 35 
77 103 27 139 138 
78 138 139 53 140 
79 69 138 140 51 
80 141 142 69 143 
81 85 141 143 67 
82 75 111 144 117 
83 111 59 145 144 
84 144 145 85 146 
85 117 144 146 83 
86 123 75 149 147 
87 147 149 117 150 
88 148 147 150 115 
89 120 153 151 152 
90 153 119 154 151 
91 151 154 123 155 
92 156 116 84 158 
93 157 156 158 112 
94 159 148 115 161 
95 160 159 161 116 
96 128 164 162 163 
97 164 120 152 162 
98 155 123 168 166 
99 166 168 147 169 
100 167 166 169 148 
101 152 172 170 171 
102 172 151 173 170 
103 170 173 155 174 
104 175 167 148 177 
105 176 175 177 159 
106 162 180 178 179 
107 180 152 171 178 
108 174 155 184 182 
109 182 184 166 185 
110 183 182 185 167 
111 171 188 186 187 
112 188 170 189 186 
113 186 189 174 190 
114 191 183 167 193 
115 192 191 193 175 
116 178 196 194 195 
117 196 171 187 194 
118 195 194 197 181 
119 91 190 198 199 
120 190 174 200 198 
121 198 200 182 201 
122 199 198 201 183 
123 187 204 202 203 
124 204 186 205 202 
125 202 205 190 206 
126 203 202 206 91 
127 124 209 207 208 
128 209 88 129 207 
129 129 213 211 212 
130 213 128 163 211 
131 211 163 131 214 
132 212 211 214 5 
133 163 217 215 216 
134 217 162 179 215 
135 215 179 165 218 
136 216 215 218 131 
137 179 221 219 220 
138 221 178 195 219 
139 219 195 181 222 
140 220 219 222 165 
141 223 160 116 225 
142 224 223 225 156 
143 207 228 226 227 
144 228 129 212 226 
145 230 232 160 233 
146 231 230 233 223 
147 226 236 234 235 
148 236 212 237 234 
149 234 237 5 238 
150 235 234 238 229 
151 16 241 239 240 
152 241 15 32 239 
153 239 32 18 242 
154 240 239 242 6 
155 32 245 243 244 
156 245 31 48 243 
157 243 48 34 246 
158 244 243 246 18 
159 48 249 247 248 
160 249 47 64 247 
161 247 64 50 250 
162 248 247 250 34 
163 64 253 251 252 
164 253 63 80 251 
165 251 80 66 254 
166 252 251 254 50 
167 80 257 255 256 
168 257 79 125 255 
169 255 125 82 258 
170 256 255 258 66 
171 125 261 259 260 
172 261 124 208 259 
173 260 259 262 82 
174 208 265 263 264 
175 265 207 227 263 
176 6 242 267 268 
177 242 18 45 267 
178 267 45 28 269 
179 268 267 269 29 
180 18 246 270 271 
181 246 34 61 270 
182 270 61 44 272 
183 271 270 272 45 
184 34 250 273 274 
185 250 50 77 273 
186 273 77 60 275 
187 274 273 275 61 
188 50 254 276 277 
189 254 66 113 276 
190 276 113 76 278 
191 277 276 278 77 
192 66 258 279 280 
193 258 82 157 279 
194 279 157 112 281 
195 280 279 281 113 
196 82 262 282 283 
197 282 224 156 284 
198 283 282 284 157 
199 259 287 285 286 
200 287 208 264 285 
201 286 285 288 262 
202 289 231 223 291 
203 290 289 291 224 
204 264 294 292 293 
205 294 263 295 292 
206 292 295 266 296 
207 262 288 297 298 
208 297 290 224 299 
209 298 297 299 282 
210 285 302 300 301 
211 302 264 293 300 
212 301 300 303 288 
213 296 266 306 304 
214 304 306 289 307 
215 305 304 307 290 
216 293 310 308 309 
217 310 292 311 308 
218 308 311 296 312 
219 309 308 312 127 
220 288 303 313 314 
221 313 305 290 315 
222 314 313 315 297 
223 300 318 316 317 
224 318 293 309 316 
225 316 309 127 319 
226 317 316 319 303 
227 127 312 320 321 
228 312 296 322 320 
229 320 322 304 323 
230 321 320 323 305 
231 210 326 324 325 
232 326 229 327 324 
233 324 327 230 328 
234 325 324 328 231 
235 5 214 329 232 
236 214 131 176 329 
237 329 176 159 330 
238 232 329 330 160 
239 131 218 331 332 
240 218 165 192 331 
241 331 192 175 333 
242 332 331 333 176 
243 165 222 334 335 
244 222 181 336 334 
245 334 336 191 337 
246 335 334 337 192 
247 181 197 338 336 
248 197 91 199 338 
249 338 199 183 339 
250 336 338 339 191 
251 194 342 340 341 
252 342 187 203 340 
253 340 203 91 343 
254 341 340 343 197 
255 59 345 344 145 
256 344 346 141 347 
257 145 344 347 85 
258 74 349 348 110 
259 349 104 350 348 
260 348 350 107 345 
261 110 348 345 59 
262 43 352 351 142 
263 352 103 353 351 
264 351 353 138 354 
265 142 351 354 69 
266 107 356 355 346 
267 356 43 357 355 
268 355 357 142 358 
269 346 355 358 141 
270 345 361 359 360 
271 361 107 362 359 
272 359 362 346 363 
273 360 359 363 344 
274 58 365 364 106 
275 365 100 366 364 
276 364 366 103 352 
277 106 364 352 43 
278 104 368 367 350 
279 368 106 369 367 
280 367 369 43 356 
281 350 367 356 107 
282 227 372 370 371 
283 372 226 235 370 
284 370 235 229 326 
285 371 370 326 210 
286 229 238 373 327 
287 238 5 374 373 
288 373 374 232 375 
289 327 373 375 230 
290 263 377 376 295 
291 377 227 371 376 
292 376 371 210 378 
293 295 376 378 266 
294 266 378 379 306 
295 378 210 325 379 
296 379 325 231 380 
297 306 379 380 289 
298 303 319 381 382 
299 319 127 321 381 
300 381 321 305 383 
301 382 381 383 313 
