2 0.000000 100.000000 747.808936
549 445 
1 -30.000000 0.000000 -30.045681 98.761753 0.000000 15.645233 0.000134 
2 31.000000 0.000000 -30.045681 98.765333 0.000000 15.607962 0.000180 
3 31.000000 0.000000 30.074253 98.785807 0.000000 15.577073 -0.000128 
4 -30.000000 0.000000 30.074253 98.777877 0.000000 15.644554 -0.000182 
5 0.500000 0.000000 0.014286 100.424678 0.000544 4.012870 -0.010122 
6 -30.000000 0.000000 0.014286 98.770262 -0.000000 15.654758 -0.000064 
7 0.500000 0.000000 -30.045681 98.749096 0.000000 15.623479 0.000452 
8 31.000000 0.000000 0.014286 98.992583 -0.000000 14.206871 -0.000137 
9 0.500000 0.000000 30.074253 98.795862 -0.000000 15.616722 -0.000450 
10 15.750000 0.000000 -15.015697 98.754967 0.000000 15.503119 0.000711 
11 0.500000 0.000000 -15.015697 98.690874 -0.000000 15.563334 0.001789 
12 15.750000 0.000000 -30.045681 98.756874 0.000000 15.609102 0.000344 
13 31.000000 0.000000 -15.015697 98.776142 0.000000 15.531657 0.000204 
14 15.750000 0.000000 0.014286 99.302323 0.000000 12.174142 -0.000916 
15 -14.750000 0.000000 -15.015697 98.740081 -0.000000 15.650194 0.000547 
16 -30.000000 0.000000 -15.015697 98.762056 0.000000 15.650376 0.000112 
17 -14.750000 0.000000 -30.045681 98.754222 -0.000000 15.640044 0.000299 
18 -14.750000 0.000000 0.014286 98.773267 0.000000 15.689153 -0.000231 
19 15.750000 0.000000 15.044270 98.834170 -0.000000 15.388797 -0.000501 
20 0.500000 0.000000 15.044270 98.875313 0.000000 15.538649 -0.001778 
21 31.000000 0.000000 15.044270 98.832933 0.000000 15.270345 -0.000113 
22 15.750000 0.000000 30.074253 98.791566 0.000000 15.592379 -0.000290 
23 8.125000 0.000000 -7.500705 98.712850 0.000000 15.112516 0.002739 
24 0.500000 0.000000 -7.500705 98.469260 0.000000 15.332237 0.006873 
25 8.125000 0.000000 -15.015697 98.721812 0.000000 15.507561 0.001352 
26 15.750000 0.000000 -7.500705 98.795552 0.000000 15.214467 0.000796 
27 8.125000 0.000000 0.014286 99.584449 0.000000 10.069647 -0.001846 
28 -14.750000 0.000000 15.044270 98.804953 0.000000 15.648136 -0.000728 
29 -30.000000 0.000000 15.044270 98.778210 -0.000000 15.649928 -0.000205 
30 -14.750000 0.000000 30.074253 98.787315 -0.000000 15.637984 -0.000348 
31 -7.125000 0.000000 -7.500705 98.651991 0.000000 15.667770 0.002231 
32 -14.750000 0.000000 -7.500705 98.740668 -0.000000 15.670839 0.000471 
33 -7.125000 0.000000 -15.015697 98.710189 0.000000 15.628901 0.001204 
34 -7.125000 0.000000 0.014286 98.777130 -0.000000 15.827823 -0.000744 
35 8.125000 0.000000 7.529278 99.002496 0.000000 14.753722 -0.001917 
36 0.500000 0.000000 7.529278 99.172513 -0.000000 15.257776 -0.006799 
37 15.750000 0.000000 7.529278 98.981124 -0.000000 14.419800 -0.000519 
38 8.125000 0.000000 15.044270 98.857184 -0.000000 15.445533 -0.001131 
39 4.312500 0.000000 -3.743210 98.534449 0.000000 13.910610 0.009746 
40 0.500000 0.000000 -3.743210 97.741835 0.000000 14.630935 0.023247 
41 4.312500 0.000000 -7.500705 98.588691 0.000000 15.127999 0.005141 
42 8.125000 0.000000 -3.743210 98.841265 0.000000 14.187082 0.002913 
43 4.312500 0.000000 0.014286 99.587241 0.000000 8.588227 0.000862 
44 -7.125000 0.000000 7.529278 98.911264 -0.000000 15.664703 -0.002882 
45 -14.750000 0.000000 7.529278 98.805899 0.000000 15.669996 -0.000815 
46 -7.125000 0.000000 15.044270 98.842456 -0.000000 15.622105 -0.001388 
47 -3.312500 0.000000 -3.743210 98.307550 -0.000000 15.724314 0.008837 
48 -7.125000 0.000000 -3.743210 98.650475 0.000000 15.750043 0.002002 
49 -3.312500 0.000000 -7.500705 98.537456 0.000000 15.581943 0.004757 
50 -3.312500 0.000000 0.014286 98.748219 0.000000 16.363451 -0.001897 
51 4.312500 0.000000 3.771782 99.466950 -0.000000 13.190098 -0.006765 
52 0.500000 0.000000 3.771782 100.133177 -0.000000 14.463962 -0.023586 
53 8.125000 0.000000 3.771782 99.298484 -0.000000 12.687936 -0.002117 
54 4.312500 0.000000 7.529278 99.093986 0.000000 14.933278 -0.004262 
55 2.406250 0.000000 -1.864462 97.828690 0.000000 11.614594 0.029465 
56 0.500000 0.000000 -1.864462 95.913568 0.000000 13.223111 0.062574 
57 2.406250 0.000000 -3.743210 98.120903 0.000000 14.007365 0.017608 
58 4.312500 0.000000 -1.864462 98.775587 0.000000 11.979452 0.009988 
59 2.406250 0.000000 0.014286 99.087080 0.000000 7.118407 0.013108 
60 -3.312500 0.000000 3.771782 99.304064 -0.000000 15.747772 -0.010929 
61 -7.125000 0.000000 3.771782 98.911461 0.000000 15.753840 -0.003166 
62 -3.312500 0.000000 7.529278 99.055477 0.000000 15.565971 -0.005429 
63 -1.406250 0.000000 -1.864462 97.164317 0.000000 15.931141 0.030529 
64 -3.312500 0.000000 -1.864462 98.286161 0.000000 16.039793 0.008256 
65 -1.406250 0.000000 -3.743210 97.919032 0.000000 15.410248 0.017439 
66 -1.406250 0.000000 0.014286 98.515442 0.000000 18.295001 -0.004000 
67 2.406250 0.000000 1.893034 100.407571 -0.000000 10.798472 -0.019829 
68 0.500000 0.000000 1.893034 102.538925 -0.000000 12.984237 -0.068282 
69 4.312500 0.000000 1.893034 99.716702 -0.000000 10.672346 -0.005732 
70 2.406250 0.000000 3.771782 99.812527 -0.000000 13.573439 -0.014678 
71 1.453125 0.000000 -0.925088 96.154094 0.000000 8.968590 0.067395 
72 0.500000 0.000000 -0.925088 93.031407 0.000000 11.256913 0.121844 
73 1.453125 0.000000 -1.864462 96.818278 0.000000 11.915281 0.048425 
74 2.406250 0.000000 -0.925088 98.056595 0.000000 9.312799 0.029818 
75 1.453125 0.000000 0.014286 85.525226 0.002445 -4.582498 0.266444 
76 -1.406250 0.000000 1.893034 100.547985 -0.000000 16.167899 -0.037130 
77 -3.312500 0.000000 1.893034 99.278874 0.000000 16.099086 -0.011548 
78 -1.406250 0.000000 3.771782 99.801208 0.000000 15.418261 -0.019800 
79 -0.453125 0.000000 -0.925088 94.094659 0.000000 16.385669 0.087770 
80 -1.406250 0.000000 -0.925088 97.013257 0.000000 17.044249 0.029792 
81 -0.453125 0.000000 -1.864462 96.144321 0.000000 15.018145 0.053072 
82 -0.453125 0.000000 0.014286 62.411753 -0.002147 52.116603 0.338863 
83 1.453125 0.000000 0.953660 102.033826 -0.000000 7.651500 -0.046945 
84 0.500000 0.000000 0.953660 106.959851 -0.000000 10.727114 -0.155548 
85 2.406250 0.000000 0.953660 100.190644 -0.000000 8.490444 -0.011025 
86 1.453125 0.000000 1.893034 101.468762 -0.000000 11.223447 -0.042188 
87 0.976562 0.000000 -0.455401 91.378958 0.001907 -2.587093 0.164319 
88 0.500000 0.000000 -0.455401 88.175984 -0.001709 3.402818 0.221342 
89 0.976562 0.000000 -0.925088 94.570604 0.000000 9.559463 0.096502 
90 1.453125 0.000000 -0.455401 96.277150 0.000000 6.588745 0.068730 
91 0.976562 0.000000 0.014286 89.824573 0.002098 -7.847920 0.186996 
92 23.375000 0.000000 -7.500705 98.806253 0.000000 15.302843 0.000315 
93 23.375000 0.000000 -15.015697 98.770285 0.000000 15.516754 0.000366 
94 31.000000 0.000000 -7.500705 98.804380 0.000000 15.366567 0.000156 
95 23.375000 0.000000 0.014286 99.107110 0.000000 13.464364 -0.000351 
96 11.937500 0.000000 -3.743210 98.891904 0.000000 14.451709 0.001154 
97 11.937500 0.000000 -7.500705 98.772155 0.000000 15.160357 0.001422 
98 15.750000 0.000000 -3.743210 98.892548 0.000000 14.651907 0.000559 
99 11.937500 0.000000 0.014286 99.438125 0.000000 11.232416 -0.001411 
100 6.218750 0.000000 -1.864462 99.020551 0.000000 12.457949 0.003973 
101 6.218750 0.000000 -3.743210 98.749031 0.000000 14.033691 0.005168 
102 8.125000 0.000000 -1.864462 99.079079 0.000000 12.866907 0.001778 
103 6.218750 0.000000 0.014286 99.636330 0.000000 9.371528 -0.001522 
104 3.359375 0.000000 -0.925088 98.797954 0.000000 9.887138 0.014121 
105 3.359375 0.000000 -1.864462 98.445503 0.000000 11.735780 0.017075 
106 4.312500 0.000000 -0.925088 99.115635 0.000000 10.365291 0.006865 
107 3.359375 0.000000 0.014286 99.414718 0.000000 8.068323 0.005162 
108 1.929688 0.000000 -0.455401 97.750535 0.000000 7.354131 0.039075 
109 1.929688 0.000000 -0.925088 97.317422 0.000000 9.021040 0.044794 
110 2.406250 0.000000 -0.455401 98.458622 0.000000 8.013953 0.024168 
111 1.929688 0.000000 0.014286 98.776059 0.000000 6.144602 0.020553 
112 -0.453125 0.000000 0.953660 103.936677 -0.000000 17.623689 -0.111343 
113 -1.406250 0.000000 0.953660 100.396874 0.000000 17.429002 -0.038330 
114 -0.453125 0.000000 1.893034 101.936626 -0.000000 15.270270 -0.062426 
115 0.976562 0.000000 0.483973 95.444271 0.002870 -6.806740 0.084406 
116 0.500000 0.000000 0.483973 126.553939 0.002427 -3.456507 -0.602785 
117 1.453125 0.000000 0.483973 101.006716 -0.000000 5.031517 -0.022767 
118 0.976562 0.000000 0.953660 104.398788 -0.000000 8.009102 -0.096325 
119 1.214844 0.000000 -0.220557 92.580051 0.002381 -4.612483 0.140766 
120 0.976562 0.000000 -0.220557 95.093776 0.002105 -3.818679 0.094259 
121 1.214844 0.000000 -0.455401 80.654900 0.002302 -4.267865 0.347657 
122 1.453125 0.000000 -0.220557 75.938843 0.001911 -3.991752 0.421736 
123 1.214844 0.000000 0.014286 93.765270 0.002382 -4.633455 0.118661 
124 0.023438 0.000000 -0.455401 76.050261 -0.002401 27.434715 0.346369 
125 -0.453125 0.000000 -0.455401 92.927085 0.000000 19.456554 0.098600 
126 0.023438 0.000000 -0.925088 92.611716 0.000000 14.079776 0.122483 
127 0.023438 0.000000 0.014286 120.208551 -0.000814 55.853590 -0.756972 
128 0.738281 0.000000 -0.220557 97.777669 0.001659 -3.264938 0.042887 
129 0.500000 0.000000 -0.220557 101.942501 0.000458 0.067632 -0.039228 
130 0.738281 0.000000 -0.455401 95.515013 0.001864 -2.910223 0.086841 
131 0.738281 0.000000 0.014286 101.398711 0.002096 -4.068208 -0.029825 
132 23.375000 0.000000 7.529278 99.054631 -0.000000 13.869684 -0.000419 
133 31.000000 0.000000 7.529278 99.200192 -0.000000 12.929056 -0.000784 
134 23.375000 0.000000 15.044270 98.828133 0.000000 15.337013 -0.000222 
135 11.937500 0.000000 3.771782 99.358432 -0.000000 12.020365 -0.001659 
136 15.750000 0.000000 3.771782 99.480206 -0.000000 11.178484 -0.002127 
137 11.937500 0.000000 7.529278 98.973494 0.000000 14.602917 -0.000900 
138 6.218750 0.000000 1.893034 99.641054 -0.000000 10.381163 -0.003611 
139 8.125000 0.000000 1.893034 99.669545 -0.000000 9.996920 -0.003396 
140 6.218750 0.000000 3.771782 99.328483 -0.000000 12.950586 -0.003387 
141 3.359375 0.000000 0.953660 99.820309 -0.000000 8.943809 -0.004409 
142 4.312500 0.000000 0.953660 99.762043 -0.000000 9.060466 -0.003456 
143 3.359375 0.000000 1.893034 99.909287 -0.000000 10.733907 -0.009708 
144 1.929688 0.000000 0.483973 100.021550 -0.000000 6.607963 -0.004798 
145 2.406250 0.000000 0.483973 99.735775 -0.000000 7.443714 -0.000263 
146 1.929688 0.000000 0.953660 100.781270 -0.000000 8.060713 -0.022184 
147 1.214844 0.000000 0.249130 92.787483 0.002414 -4.850714 0.136695 
148 0.976562 0.000000 0.249130 97.120538 0.002365 -4.862061 0.054396 
149 1.453125 0.000000 0.249130 75.938843 0.001911 -3.991752 0.421736 
150 1.214844 0.000000 0.483973 102.344695 -0.000000 3.854762 -0.048930 
151 1.095703 0.000000 -0.103135 94.866505 0.002297 -4.372682 0.098123 
152 0.976562 0.000000 -0.103135 96.094057 0.002162 -4.121707 0.074894 
153 1.095703 0.000000 -0.220557 93.972220 0.002352 -4.451973 0.114940 
154 1.214844 0.000000 -0.103135 92.423360 0.002214 -3.944651 0.144236 
155 1.095703 0.000000 0.014286 94.882706 0.002317 -4.489771 0.097711 
156 0.023438 0.000000 0.483973 99.608322 -0.000987 39.394886 -0.147377 
157 -0.453125 0.000000 0.483973 103.831308 -0.000000 21.644727 -0.124943 
158 0.023438 0.000000 0.953660 106.760157 -0.000000 15.182283 -0.162823 
159 0.738281 0.000000 0.249130 100.540355 0.001931 -3.723081 -0.012222 
160 0.500000 0.000000 0.249130 107.084702 0.000760 2.703491 -0.147444 
161 0.738281 0.000000 0.483973 106.680383 0.002822 -7.516028 -0.143719 
162 0.857422 0.000000 -0.103135 97.564092 0.001958 -3.740636 0.046726 
163 0.738281 0.000000 -0.103135 98.413441 0.001487 -2.136561 0.031023 
164 0.857422 0.000000 -0.220557 96.436289 0.001925 -3.616062 0.068697 
165 0.857422 0.000000 0.014286 99.152681 0.002300 -5.091224 0.014283 
166 1.095703 0.000000 0.131708 95.120950 0.002334 -4.592574 0.093091 
167 0.976562 0.000000 0.131708 96.465852 0.002215 -4.418690 0.067481 
168 1.214844 0.000000 0.131708 94.068347 0.002566 -5.418889 0.112178 
169 1.095703 0.000000 0.249130 94.320835 0.002410 -4.804689 0.108049 
170 1.036133 0.000000 -0.044425 94.998787 0.002304 -4.417480 0.095572 
171 0.976562 0.000000 -0.044425 96.097306 0.002179 -4.202196 0.074765 
172 1.036133 0.000000 -0.103135 95.009889 0.002292 -4.350406 0.095420 
173 1.095703 0.000000 -0.044425 94.844762 0.002307 -4.429710 0.098485 
174 1.036133 0.000000 0.014286 95.048259 0.002317 -4.489483 0.094567 
175 0.857422 0.000000 0.131708 98.071850 0.002032 -4.101139 0.036509 
176 0.738281 0.000000 0.131708 99.828867 0.001775 -3.526150 0.002176 
177 0.857422 0.000000 0.249130 98.748917 0.002181 -4.416279 0.022915 
178 0.916992 0.000000 -0.044425 95.653551 0.001797 -2.008766 0.084636 
179 0.857422 0.000000 -0.044425 95.972711 0.001400 -0.495377 0.078899 
180 0.916992 0.000000 -0.103135 96.425486 0.002145 -4.076898 0.068550 
181 0.916992 0.000000 0.014286 97.577541 0.002398 -6.155884 0.044073 
182 1.036133 0.000000 0.072997 95.156301 0.002328 -4.556807 0.092451 
183 0.976562 0.000000 0.072997 96.296005 0.002208 -4.361956 0.070805 
184 1.095703 0.000000 0.072997 94.980024 0.002326 -4.546029 0.095813 
185 1.036133 0.000000 0.131708 95.304189 0.002336 -4.611226 0.089585 
186 1.006348 0.000000 -0.015069 94.933948 0.002173 -4.096901 0.097076 
187 0.976562 0.000000 -0.015069 92.650390 0.002809 -3.271072 0.140521 
188 1.006348 0.000000 -0.044425 94.911890 0.002165 -4.056088 0.097528 
189 1.036133 0.000000 -0.015069 95.015628 0.002311 -4.453442 0.095220 
190 1.006348 0.000000 0.014286 96.012161 0.002199 -4.292945 0.076324 
191 0.916992 0.000000 0.072997 96.688743 0.002200 -4.351650 0.063235 
192 0.857422 0.000000 0.072997 99.657446 0.002469 -5.988763 0.003253 
193 0.916992 0.000000 0.131708 96.845633 0.002210 -4.417789 0.060141 
194 0.946777 0.000000 -0.015069 94.081136 0.002477 -0.896366 0.114794 
195 0.916992 0.000000 -0.015069 96.223942 0.002027 -3.001935 0.073194 
196 0.946777 0.000000 -0.044425 96.268922 0.002173 -4.186174 0.071477 
197 0.946777 0.000000 0.014286 95.280716 0.002578 -6.658053 0.087726 
198 1.006348 0.000000 0.043642 96.067951 0.002205 -4.329379 0.075221 
199 0.976562 0.000000 0.043642 96.224415 0.002202 -4.326063 0.072215 
200 1.036133 0.000000 0.043642 95.095821 0.002322 -4.524330 0.093632 
201 1.006348 0.000000 0.072997 96.379229 0.002343 -4.710979 0.068885 
202 0.991455 0.000000 -0.000391 77.926775 0.002530 -0.604096 0.392705 
203 0.976562 0.000000 -0.000391 86.631446 0.002543 -3.995914 0.247903 
204 0.991455 0.000000 -0.015069 84.799200 0.002440 -2.016870 0.280503 
205 1.006348 0.000000 -0.000391 84.469104 0.002035 -4.089206 0.284825 
206 0.991455 0.000000 0.014286 85.127462 0.001896 -6.485532 0.271125 
207 0.261719 0.000000 -0.220557 96.066018 -0.000863 14.527774 0.056026 
208 0.023438 0.000000 -0.220557 90.559952 -0.001653 22.127814 0.130926 
209 0.261719 0.000000 -0.455401 68.215221 -0.002927 -1.999284 0.534269 
210 0.261719 0.000000 0.014286 101.869444 -0.000851 11.080326 -0.050016 
211 0.619141 0.000000 -0.103135 98.510519 0.000895 -1.025224 0.029463 
212 0.500000 0.000000 -0.103135 96.391098 0.000172 6.097546 0.067158 
213 0.619141 0.000000 -0.220557 100.354783 0.001296 -2.157147 -0.007574 
214 0.619141 0.000000 0.014286 102.840222 0.001415 -2.223402 -0.058105 
215 0.797852 0.000000 -0.044425 96.124391 0.001250 -0.615243 0.075972 
216 0.738281 0.000000 -0.044425 98.038292 0.001355 -1.154704 0.038716 
217 0.797852 0.000000 -0.103135 97.628806 0.001771 -3.507824 0.045631 
218 0.797852 0.000000 0.014286 99.790022 0.002183 -4.517255 0.002155 
219 0.887207 0.000000 -0.015069 94.981159 0.001118 1.624146 0.097594 
220 0.857422 0.000000 -0.015069 97.771375 0.001891 -2.946757 0.043207 
221 0.887207 0.000000 -0.044425 95.094621 0.001433 -0.505811 0.095676 
222 0.887207 0.000000 0.014286 101.072535 0.002998 -9.355590 -0.030318 
223 0.261719 0.000000 0.249130 99.695053 -0.000647 15.548128 -0.018085 
224 0.023438 0.000000 0.249130 95.987450 -0.001283 23.078268 0.025380 
225 0.261719 0.000000 0.483973 137.485921 0.000786 21.100977 -0.934763 
226 0.380859 0.000000 -0.103135 96.675084 -0.000597 9.212622 0.056906 
227 0.261719 0.000000 -0.103135 94.594809 -0.001236 11.848145 0.091144 
228 0.380859 0.000000 -0.220557 97.591701 -0.000478 11.679899 0.033944 
229 0.380859 0.000000 0.014286 101.941796 -0.000237 7.420868 -0.044720 
230 0.380859 0.000000 0.131708 105.092943 0.000153 8.226257 -0.111220 
231 0.261719 0.000000 0.131708 105.893127 -0.000407 13.149853 -0.138627 
232 0.500000 0.000000 0.131708 102.221668 0.000837 4.108825 -0.046615 
233 0.380859 0.000000 0.249130 100.324741 -0.000262 11.943870 -0.020771 
234 0.440430 0.000000 -0.044425 92.633400 -0.001015 5.492811 0.138888 
235 0.380859 0.000000 -0.044425 96.365871 -0.000697 8.699665 0.063793 
236 0.440430 0.000000 -0.103135 97.727746 -0.000201 8.195266 0.038213 
237 0.500000 0.000000 -0.044425 96.236523 0.000099 5.941601 0.070323 
238 0.440430 0.000000 0.014286 100.966102 0.000173 6.058350 -0.023086 
239 -22.375000 0.000000 -7.500705 98.759689 -0.000000 15.659548 0.000130 
240 -30.000000 0.000000 -7.500705 98.765101 -0.000000 15.653439 0.000042 
241 -22.375000 0.000000 -15.015697 98.755376 -0.000000 15.652004 0.000239 
242 -22.375000 0.000000 0.014286 98.771182 -0.000000 15.663633 -0.000110 
243 -10.937500 0.000000 -3.743210 98.729492 0.000000 15.707433 0.000576 
244 -14.750000 0.000000 -3.743210 98.752563 -0.000000 15.683425 0.000196 
245 -10.937500 0.000000 -7.500705 98.713314 0.000000 15.676693 0.000992 
246 -10.937500 0.000000 0.014286 98.775242 -0.000000 15.725067 -0.000383 
247 -5.218750 0.000000 -1.864462 98.588787 0.000000 15.915292 0.002695 
248 -7.125000 0.000000 -1.864462 98.695432 0.000000 15.802029 0.000951 
249 -5.218750 0.000000 -3.743210 98.540155 0.000000 15.769684 0.004115 
250 -5.218750 0.000000 0.014286 98.772684 -0.000000 15.981355 -0.001145 
251 -2.359375 0.000000 -0.925088 98.075036 0.000000 16.563475 0.010694 
252 -3.312500 0.000000 -0.925088 98.444296 0.000000 16.248015 0.004472 
253 -2.359375 0.000000 -1.864462 97.894780 0.000000 16.092707 0.015764 
254 -2.359375 0.000000 0.014286 98.697197 0.000000 16.889066 -0.002638 
255 -0.929688 0.000000 -0.455401 96.241846 0.000000 18.731487 0.038664 
256 -1.406250 0.000000 -0.455401 97.496519 0.000000 17.807540 0.017732 
257 -0.929688 0.000000 -0.925088 95.861469 0.000000 17.108016 0.051789 
258 -0.929688 0.000000 0.014286 98.215815 0.000000 20.087243 -0.004984 
259 -0.214844 0.000000 -0.220557 85.113911 -0.001912 30.683683 0.181413 
260 -0.453125 0.000000 -0.220557 41.387799 -0.002243 65.816197 0.395528 
261 -0.214844 0.000000 -0.455401 33.643348 -0.003290 15.706953 0.862142 
262 -0.214844 0.000000 0.014286 88.728566 -0.001757 28.676735 0.130489 
263 0.142578 0.000000 -0.103135 92.617011 -0.001473 15.152244 0.119250 
264 0.023438 0.000000 -0.103135 92.077368 -0.001473 21.769858 0.104783 
265 0.142578 0.000000 -0.220557 93.088727 -0.001403 18.769724 0.098219 
266 0.142578 0.000000 0.014286 100.388317 -0.001185 16.338543 -0.034476 
267 -22.375000 0.000000 7.529278 98.782561 0.000000 15.659125 -0.000320 
268 -30.000000 0.000000 7.529278 98.775361 0.000000 15.653208 -0.000159 
269 -22.375000 0.000000 15.044270 98.786412 0.000000 15.651140 -0.000371 
270 -10.937500 0.000000 3.771782 98.821858 -0.000000 15.707679 -0.001249 
271 -14.750000 0.000000 3.771782 98.794070 0.000000 15.683189 -0.000623 
272 -10.937500 0.000000 7.529278 98.838344 0.000000 15.675390 -0.001474 
273 -5.218750 0.000000 1.893034 98.968840 -0.000000 15.929300 -0.004857 
274 -7.125000 0.000000 1.893034 98.861664 -0.000000 15.806192 -0.002346 
275 -5.218750 0.000000 3.771782 99.034378 0.000000 15.780002 -0.005682 
276 -2.359375 0.000000 0.953660 99.399124 0.000000 16.687692 -0.015866 
277 -3.312500 0.000000 0.953660 99.075565 0.000000 16.294897 -0.008149 
278 -2.359375 0.000000 1.893034 99.696295 0.000000 16.216300 -0.020232 
279 -0.929688 0.000000 0.483973 100.650664 -0.000000 19.459331 -0.050922 
280 -1.406250 0.000000 0.483973 99.668431 0.000000 18.104941 -0.026159 
281 -0.929688 0.000000 0.953660 101.644963 -0.000000 17.843391 -0.065009 
282 -0.214844 0.000000 0.249130 87.959369 -0.001798 32.201674 0.122620 
283 -0.453125 0.000000 0.249130 60.131245 -0.001613 95.092007 -0.265826 
284 -0.214844 0.000000 0.483973 122.481982 -0.000587 91.907508 -1.344883 
285 -0.095703 0.000000 -0.103135 89.970894 -0.001661 25.032516 0.127861 
286 -0.214844 0.000000 -0.103135 85.310527 -0.001948 29.487762 0.185259 
287 -0.095703 0.000000 -0.220557 88.034365 -0.001833 25.434618 0.160303 
288 -0.095703 0.000000 0.014286 90.817506 -0.001619 25.837881 0.108458 
289 0.142578 0.000000 0.131708 102.722940 -0.000892 19.134212 -0.091812 
290 0.023438 0.000000 0.131708 94.680633 -0.001345 22.784114 0.051646 
291 0.142578 0.000000 0.249130 98.108942 -0.000997 19.310329 0.000175 
292 0.083008 0.000000 -0.044425 81.110928 -0.002435 6.166701 0.338299 
293 0.023438 0.000000 -0.044425 70.327129 -0.002483 6.533193 0.501141 
294 0.083008 0.000000 -0.103135 92.874584 -0.001448 20.789284 0.094212 
295 0.142578 0.000000 -0.044425 87.840542 -0.002067 8.393583 0.221359 
296 0.083008 0.000000 0.014286 104.950291 -0.001087 24.236838 -0.160199 
297 -0.095703 0.000000 0.131708 92.191424 -0.001562 25.979727 0.082580 
298 -0.214844 0.000000 0.131708 90.005439 -0.001655 30.548901 0.096579 
299 -0.095703 0.000000 0.249130 93.622678 -0.001486 26.642843 0.052495 
300 -0.036133 0.000000 -0.044425 90.691707 -0.001638 24.970031 0.115151 
301 -0.095703 0.000000 -0.044425 90.287896 -0.001643 25.490773 0.119832 
302 -0.036133 0.000000 -0.103135 90.297619 -0.001659 24.490226 0.124657 
303 -0.036133 0.000000 0.014286 91.313180 -0.001609 25.354263 0.101906 
304 0.083008 0.000000 0.072997 110.788326 -0.000912 25.716211 -0.293538 
305 0.023438 0.000000 0.072997 93.943435 -0.001383 22.793495 0.065509 
306 0.142578 0.000000 0.072997 116.943528 -0.000522 20.958730 -0.411506 
307 0.083008 0.000000 0.131708 95.588860 -0.001308 21.803303 0.038739 
308 0.053223 0.000000 -0.015069 79.162707 -0.002433 6.515161 0.369082 
309 0.023438 0.000000 -0.015069 54.106355 -0.003033 -1.588445 0.706998 
310 0.053223 0.000000 -0.044425 77.114331 -0.002567 4.475616 0.403335 
311 0.083008 0.000000 -0.015069 82.812635 -0.002263 8.645723 0.306732 
312 0.053223 0.000000 0.014286 109.972504 -0.001019 31.912248 -0.311234 
313 -0.036133 0.000000 0.072997 92.066498 -0.001576 25.559937 0.087045 
314 -0.095703 0.000000 0.072997 91.488474 -0.001590 26.006101 0.095354 
315 -0.036133 0.000000 0.131708 92.817319 -0.001545 25.562545 0.073150 
316 -0.006348 0.000000 -0.015069 42.984963 -0.002170 25.984223 0.747711 
317 -0.036133 0.000000 -0.015069 90.978239 -0.001625 25.180179 0.108892 
318 -0.006348 0.000000 -0.044425 92.150646 -0.001462 22.664866 0.099456 
319 -0.006348 0.000000 0.014286 77.308430 -0.001458 73.728777 -0.141253 
320 0.053223 0.000000 0.043642 131.303464 -0.000492 43.104892 -0.909863 
321 0.023438 0.000000 0.043642 117.987446 -0.000850 48.621947 -0.628513 
322 0.083008 0.000000 0.043642 121.652061 -0.000654 31.476577 -0.579000 
323 0.053223 0.000000 0.072997 113.345925 -0.000892 30.880560 -0.380091 
324 0.321289 0.000000 0.072997 116.585116 0.000355 6.321473 -0.363205 
325 0.261719 0.000000 0.072997 109.879853 -0.000287 12.305042 -0.222500 
326 0.321289 0.000000 0.014286 101.079617 -0.000541 10.044001 -0.031797 
327 0.380859 0.000000 0.072997 106.544088 0.000227 7.344747 -0.140559 
328 0.321289 0.000000 0.131708 103.840170 -0.000214 11.064694 -0.090521 
329 0.619141 0.000000 0.131708 105.500937 0.001829 -3.366078 -0.114178 
330 0.619141 0.000000 0.249130 101.745405 0.001458 -2.634039 -0.035907 
331 0.797852 0.000000 0.072997 101.717584 0.002770 -7.100664 -0.039689 
332 0.738281 0.000000 0.072997 103.707390 0.002641 -6.566776 -0.079835 
333 0.797852 0.000000 0.131708 98.581637 0.002004 -4.048735 0.026527 
334 0.887207 0.000000 0.043642 99.902309 0.002645 -7.129160 -0.003130 
335 0.857422 0.000000 0.043642 100.397020 0.002673 -7.174344 -0.013103 
336 0.916992 0.000000 0.043642 99.027290 0.002817 -9.167391 0.010955 
337 0.887207 0.000000 0.072997 98.865280 0.002399 -6.145140 0.018789 
338 0.946777 0.000000 0.043642 97.529735 0.002497 -7.523526 0.043135 
339 0.946777 0.000000 0.072997 96.480683 0.002205 -4.358517 0.067248 
340 0.961670 0.000000 -0.000391 92.044476 0.002919 -3.308885 0.151687 
341 0.946777 0.000000 -0.000391 94.223043 0.002438 -4.074782 0.110541 
342 0.961670 0.000000 -0.015069 93.149995 0.002704 -3.026896 0.131392 
343 0.961670 0.000000 0.014286 93.783264 0.002475 -6.850944 0.115776 
344 5.265625 0.000000 0.953660 99.773584 -0.000000 9.016523 -0.003607 
345 5.265625 0.000000 0.014286 99.638241 0.000000 9.011731 -0.000899 
346 6.218750 0.000000 0.953660 99.797288 -0.000000 8.897477 -0.003866 
347 5.265625 0.000000 1.893034 99.651489 -0.000000 10.553435 -0.004179 
348 3.835938 0.000000 0.483973 99.695649 -0.000000 8.342105 -0.000881 
349 3.359375 0.000000 0.483973 99.663614 -0.000000 8.188599 0.000011 
350 3.835938 0.000000 0.014286 99.520264 -0.000000 8.348572 0.002602 
351 4.312500 0.000000 0.483973 99.734292 -0.000000 8.429333 -0.001798 
352 3.835938 0.000000 0.953660 99.773178 -0.000000 9.031248 -0.003625 
353 2.882812 0.000000 0.483973 99.664660 -0.000000 7.891592 0.000468 
354 2.882812 0.000000 0.014286 99.274085 0.000000 7.666305 0.008588 
355 2.882812 0.000000 0.953660 99.941661 -0.000000 8.775837 -0.006535 
356 5.265625 0.000000 -0.925088 99.244688 0.000000 10.765498 0.003460 
357 5.265625 0.000000 -1.864462 98.942482 0.000000 12.233013 0.006074 
358 6.218750 0.000000 -0.925088 99.287403 0.000000 11.090900 0.001900 
359 3.835938 0.000000 -0.455401 99.246967 0.000000 9.178600 0.006579 
360 3.359375 0.000000 -0.455401 99.088873 0.000000 8.875064 0.010263 
361 3.835938 0.000000 -0.925088 98.990572 0.000000 10.137155 0.009810 
362 4.312500 0.000000 -0.455401 99.345548 0.000000 9.442894 0.004129 
363 3.597656 0.000000 0.249130 99.591134 -0.000000 8.104431 0.001592 
364 3.359375 0.000000 0.249130 99.553805 -0.000000 7.989343 0.002521 
365 3.597656 0.000000 0.014286 99.471966 0.000000 8.215892 0.003783 
366 3.835938 0.000000 0.249130 99.626648 -0.000000 8.200499 0.000728 
367 3.597656 0.000000 0.483973 99.677211 -0.000000 8.276370 -0.000404 
368 2.882812 0.000000 -0.455401 98.840157 0.000000 8.479326 0.015872 
369 2.882812 0.000000 -0.925088 98.503669 0.000000 9.612954 0.020462 
370 3.121094 0.000000 0.249130 99.517733 -0.000000 7.847455 0.003464 
371 2.882812 0.000000 0.249130 99.482068 -0.000000 7.639768 0.004495 
372 3.121094 0.000000 0.014286 99.350304 0.000000 7.898352 0.006713 
373 3.121094 0.000000 0.483973 99.658453 -0.000000 8.072755 0.000302 
374 3.597656 0.000000 -0.220557 99.326819 0.000000 8.572691 0.006069 
375 3.359375 0.000000 -0.220557 99.253191 0.000000 8.410928 0.007806 
376 3.597656 0.000000 -0.455401 99.176606 0.000000 9.032690 0.008241 
377 3.835938 0.000000 -0.220557 99.386415 0.000000 8.721020 0.004628 
378 3.478516 0.000000 0.131708 99.512491 -0.000000 8.057917 0.003233 
379 3.359375 0.000000 0.131708 99.488056 -0.000000 7.989234 0.003830 
380 3.478516 0.000000 0.014286 99.444320 0.000000 8.144384 0.004450 
381 3.597656 0.000000 0.131708 99.535927 -0.000000 8.121503 0.002664 
382 3.478516 0.000000 0.249130 99.572486 -0.000000 8.049742 0.002052 
383 4.789062 0.000000 0.483973 99.762729 -0.000000 8.488575 -0.002466 
384 4.789062 0.000000 0.014286 99.622708 0.000000 8.807209 -0.000225 
385 5.265625 0.000000 0.483973 99.779864 -0.000000 8.544805 -0.002904 
386 4.789062 0.000000 0.953660 99.765277 -0.000000 9.050458 -0.003502 
387 4.074219 0.000000 0.249130 99.657577 -0.000000 8.284794 -0.000027 
388 4.074219 0.000000 0.014286 99.558480 -0.000000 8.471642 0.001634 
389 4.312500 0.000000 0.249130 99.682216 -0.000000 8.362938 -0.000648 
390 4.074219 0.000000 0.483973 99.715645 -0.000000 8.391363 -0.001362 
391 3.716797 0.000000 0.131708 99.557957 -0.000000 8.180956 0.002129 
392 3.716797 0.000000 0.014286 99.497353 0.000000 8.283712 0.003166 
393 3.835938 0.000000 0.131708 99.578253 -0.000000 8.237170 0.001632 
394 3.716797 0.000000 0.249130 99.609316 -0.000000 8.154368 0.001149 
395 8.125000 0.000000 22.559262 98.813185 0.000000 15.565669 -0.000634 
396 0.500000 0.000000 22.559262 98.816688 0.000000 15.596163 -0.000798 
397 15.750000 0.000000 22.559262 98.804673 0.000000 15.543357 -0.000396 
398 8.125000 0.000000 30.074253 98.794950 0.000000 15.603376 -0.000391 
399 4.312500 0.000000 11.286774 98.939463 0.000000 15.346872 -0.002454 
400 0.500000 0.000000 11.286774 98.955339 0.000000 15.461200 -0.003121 
401 8.125000 0.000000 11.286774 98.905222 0.000000 15.265857 -0.001529 
402 4.312500 0.000000 15.044270 98.870973 0.000000 15.487221 -0.001532 
403 2.406250 0.000000 5.650530 99.385384 0.000000 14.632192 -0.009156 
404 0.500000 0.000000 5.650530 99.451846 0.000000 15.008135 -0.011591 
405 4.312500 0.000000 5.650530 99.242625 -0.000000 14.391385 -0.005621 
406 2.406250 0.000000 7.529278 99.150220 -0.000000 15.075405 -0.005803 
407 3.359375 0.000000 2.832408 99.790908 -0.000000 12.268085 -0.010873 
408 2.406250 0.000000 2.832408 100.131337 -0.000000 12.504365 -0.018264 
409 4.312500 0.000000 2.832408 99.600180 -0.000000 12.124238 -0.006719 
410 3.359375 0.000000 3.771782 99.611208 -0.000000 13.342153 -0.010041 
411 3.835938 0.000000 1.423347 99.802188 -0.000000 9.863746 -0.005777 
412 3.359375 0.000000 1.423347 99.900403 -0.000000 9.837109 -0.007686 
413 4.312500 0.000000 1.423347 99.752146 -0.000000 9.856066 -0.004763 
414 3.835938 0.000000 1.893034 99.788991 -0.000000 10.709897 -0.007254 
415 3.597656 0.000000 0.718817 99.741527 -0.000000 8.604301 -0.002241 
416 3.359375 0.000000 0.718817 99.751380 -0.000000 8.534935 -0.002318 
417 3.835938 0.000000 0.718817 99.741213 -0.000000 8.653106 -0.002319 
418 3.597656 0.000000 0.953660 99.790342 -0.000000 8.996072 -0.003904 
419 3.478516 0.000000 0.366552 99.624386 -0.000000 8.114940 0.000913 
420 3.359375 0.000000 0.366552 99.611954 -0.000000 8.061966 0.001246 
421 3.597656 0.000000 0.366552 99.637680 -0.000000 8.161778 0.000572 
422 3.478516 0.000000 0.483973 99.669590 -0.000000 8.235600 -0.000185 
423 3.538086 0.000000 0.190419 99.554201 -0.000000 8.074095 0.002377 
424 3.478516 0.000000 0.190419 99.543551 -0.000000 8.043922 0.002638 
425 3.538086 0.000000 0.131708 99.524359 -0.000000 8.090285 0.002945 
426 3.597656 0.000000 0.190419 99.564671 -0.000000 8.103038 0.002122 
427 3.538086 0.000000 0.249130 99.581841 -0.000000 8.077740 0.001821 
428 3.121094 0.000000 -0.220557 99.164613 0.000000 8.230197 0.009864 
429 2.882812 0.000000 -0.220557 99.052656 0.000000 7.992710 0.012469 
430 3.121094 0.000000 -0.455401 98.980579 0.000000 8.702110 0.012712 
431 3.240234 0.000000 0.131708 99.462949 -0.000000 7.914421 0.004448 
432 3.121094 0.000000 0.131708 99.437302 -0.000000 7.832348 0.005088 
433 3.240234 0.000000 0.014286 99.383379 0.000000 7.986696 0.005916 
434 3.240234 0.000000 0.249130 99.535472 -0.000000 7.922262 0.002993 
435 3.418945 0.000000 0.190419 99.532773 -0.000000 8.012397 0.002903 
436 3.359375 0.000000 0.190419 99.521919 -0.000000 7.979396 0.003172 
437 3.418945 0.000000 0.131708 99.500374 -0.000000 8.024275 0.003529 
438 3.418945 0.000000 0.249130 99.563123 -0.000000 8.020316 0.002286 
439 3.478516 0.000000 -0.103135 99.369801 0.000000 8.296657 0.005681 
440 3.359375 0.000000 -0.103135 99.335520 0.000000 8.215755 0.006496 
441 3.478516 0.000000 -0.220557 99.291787 0.000000 8.493768 0.006900 
442 3.597656 0.000000 -0.103135 99.401260 0.000000 8.373372 0.004928 
443 3.538086 0.000000 0.072997 99.492364 -0.000000 8.126235 0.003523 
444 3.478516 0.000000 0.072997 99.479354 0.000000 8.091791 0.003838 
445 3.538086 0.000000 0.014286 99.458407 0.000000 8.180650 0.004110 
446 3.597656 0.000000 0.072997 99.504957 -0.000000 8.159598 0.003218 
447 3.508301 0.000000 0.161064 99.533948 -0.000000 8.064203 0.002796 
448 3.478516 0.000000 0.161064 99.528287 -0.000000 8.048409 0.002934 
449 3.508301 0.000000 0.131708 99.518459 -0.000000 8.074253 0.003088 
450 3.538086 0.000000 0.161064 99.539556 -0.000000 8.079685 0.002660 
451 3.508301 0.000000 0.190419 99.548895 -0.000000 8.059170 0.002507 
452 23.375000 0.000000 22.559262 98.798671 0.000000 15.526815 -0.000226 
453 31.000000 0.000000 22.559262 98.796272 0.000000 15.510871 -0.000129 
454 23.375000 0.000000 30.074253 98.788140 0.000000 15.584043 -0.000196 
455 -7.125000 0.000000 22.559262 98.808358 0.000000 15.624412 -0.000721 
456 -14.750000 0.000000 22.559262 98.795120 -0.000000 15.639891 -0.000508 
457 -7.125000 0.000000 30.074253 98.792797 0.000000 15.629296 -0.000429 
458 -22.375000 0.000000 22.559262 98.784909 0.000000 15.645451 -0.000324 
459 -30.000000 0.000000 22.559262 98.778697 0.000000 15.646769 -0.000205 
460 -22.375000 0.000000 30.074253 98.781954 0.000000 15.642579 -0.000256 
461 11.937500 0.000000 11.286774 98.881238 -0.000000 15.207757 -0.000878 
462 15.750000 0.000000 11.286774 98.871042 -0.000000 15.153160 -0.000510 
463 11.937500 0.000000 15.044270 98.843491 -0.000000 15.414440 -0.000764 
464 -3.312500 0.000000 11.286774 98.924729 -0.000000 15.569858 -0.002852 
465 -7.125000 0.000000 11.286774 98.873244 -0.000000 15.630353 -0.002023 
466 -3.312500 0.000000 15.044270 98.863867 0.000000 15.587802 -0.001704 
467 -10.937500 0.000000 11.286774 98.832845 -0.000000 15.652132 -0.001292 
468 -14.750000 0.000000 11.286774 98.808114 -0.000000 15.657167 -0.000819 
469 -10.937500 0.000000 15.044270 98.821210 0.000000 15.640325 -0.001025 
470 6.218750 0.000000 5.650530 99.147301 0.000000 14.234727 -0.003281 
471 8.125000 0.000000 5.650530 99.101171 -0.000000 14.098674 -0.001981 
472 6.218750 0.000000 7.529278 99.039522 0.000000 14.833037 -0.002885 
473 -1.406250 0.000000 5.650530 99.363484 -0.000000 15.390186 -0.010996 
474 -3.312500 0.000000 5.650530 99.170040 -0.000000 15.605461 -0.007823 
475 -1.406250 0.000000 7.529278 99.134445 -0.000000 15.437779 -0.006596 
476 -5.218750 0.000000 5.650530 99.017787 0.000000 15.684467 -0.005052 
477 -7.125000 0.000000 5.650530 98.922480 0.000000 15.701795 -0.003220 
478 -5.218750 0.000000 7.529278 98.974442 0.000000 15.635087 -0.004040 
479 1.453125 0.000000 2.832408 100.594860 -0.000000 13.015468 -0.028873 
480 0.500000 0.000000 2.832408 100.900379 -0.000000 13.935943 -0.037510 
481 1.453125 0.000000 3.771782 100.024352 -0.000000 13.945609 -0.019935 
482 -0.453125 0.000000 2.832408 100.701205 -0.000000 14.959497 -0.036452 
483 -1.406250 0.000000 2.832408 100.162997 -0.000000 15.605267 -0.027615 
484 -0.453125 0.000000 3.771782 100.044323 -0.000000 15.007745 -0.023410 
485 -2.359375 0.000000 2.832408 99.666820 0.000000 15.849907 -0.018469 
486 -3.312500 0.000000 2.832408 99.335437 0.000000 15.896532 -0.012023 
487 -2.359375 0.000000 3.771782 99.528219 0.000000 15.648255 -0.015073 
488 5.265625 0.000000 2.832408 99.509072 -0.000000 11.983919 -0.004567 
489 6.218750 0.000000 2.832408 99.467432 -0.000000 11.840865 -0.003398 
490 5.265625 0.000000 3.771782 99.382905 -0.000000 13.063012 -0.004760 
491 2.882812 0.000000 1.423347 100.083329 -0.000000 9.773845 -0.011220 
492 2.406250 0.000000 1.423347 100.416051 -0.000000 9.658479 -0.017667 
493 2.882812 0.000000 1.893034 100.103815 -0.000000 10.754217 -0.013643 
494 0.321289 0.000000 -0.044425 93.188689 -0.001451 7.746247 0.125586 
495 0.261719 0.000000 -0.044425 93.245972 -0.001521 9.831716 0.120853 
496 0.321289 0.000000 -0.103135 96.451176 -0.000805 11.137735 0.057312 
497 0.440430 0.000000 0.072997 116.181996 0.001395 -1.218215 -0.349974 
498 0.500000 0.000000 0.072997 103.509714 0.000964 3.142813 -0.072414 
499 0.440430 0.000000 0.131708 103.281458 0.000339 6.946459 -0.071531 
500 0.202148 0.000000 -0.044425 92.156136 -0.001593 10.360013 0.139992 
501 0.202148 0.000000 -0.103135 94.054179 -0.001344 14.624355 0.093994 
502 0.202148 0.000000 0.014286 104.007661 -0.000822 14.357738 -0.102374 
503 0.202148 0.000000 0.072997 110.761703 -0.000429 15.405492 -0.250548 
504 0.202148 0.000000 0.131708 103.171802 -0.000634 15.739308 -0.089215 
505 -0.006348 0.000000 0.043642 93.140921 -0.001415 23.151041 0.078880 
506 -0.036133 0.000000 0.043642 91.681750 -0.001593 25.482683 0.094509 
507 -0.006348 0.000000 0.072997 93.523872 -0.001397 23.212978 0.071444 
508 4.789062 0.000000 1.423347 99.728552 -0.000000 9.820922 -0.004223 
509 5.265625 0.000000 1.423347 99.719457 -0.000000 9.765812 -0.003934 
510 4.789062 0.000000 1.893034 99.674621 -0.000000 10.619621 -0.004781 
511 4.074219 0.000000 0.718817 99.746760 -0.000000 8.685085 -0.002485 
512 4.312500 0.000000 0.718817 99.755097 -0.000000 8.703757 -0.002683 
513 4.074219 0.000000 0.953660 99.764793 -0.000000 9.051902 -0.003495 
514 3.121094 0.000000 0.718817 99.775303 -0.000000 8.440591 -0.002635 
515 2.882812 0.000000 0.718817 99.820154 -0.000000 8.287240 -0.003274 
516 3.121094 0.000000 0.953660 99.868329 -0.000000 8.871536 -0.005239 
517 4.789062 0.000000 -0.455401 99.403854 0.000000 9.678232 0.002521 
518 4.789062 0.000000 -0.925088 99.195205 0.000000 10.573856 0.004850 
519 5.265625 0.000000 -0.455401 99.436415 0.000000 9.891772 0.001455 
520 4.074219 0.000000 -0.220557 99.432952 0.000000 8.859011 0.003461 
521 4.074219 0.000000 -0.455401 99.302439 0.000000 9.314893 0.005226 
522 4.312500 0.000000 -0.220557 99.468390 0.000000 8.988457 0.002525 
523 3.716797 0.000000 0.366552 99.651405 -0.000000 8.203335 0.000230 
524 3.835938 0.000000 0.366552 99.665162 -0.000000 8.240468 -0.000105 
525 3.716797 0.000000 0.483973 99.686035 -0.000000 8.311636 -0.000639 
526 3.240234 0.000000 0.366552 99.600796 -0.000000 8.001985 0.001565 
527 3.121094 0.000000 0.366552 99.591274 -0.000000 7.934053 0.001863 
528 3.240234 0.000000 0.483973 99.659740 -0.000000 8.134602 0.000176 
529 3.716797 0.000000 -0.103135 99.429761 0.000000 8.446627 0.004238 
530 3.716797 0.000000 -0.220557 99.358337 0.000000 8.648297 0.005313 
531 3.835938 0.000000 -0.103135 99.455233 0.000000 8.516979 0.003612 
532 3.418945 0.000000 0.072997 99.465973 0.000000 8.056148 0.004162 
533 3.359375 0.000000 0.072997 99.452265 0.000000 8.019180 0.004494 
534 3.418945 0.000000 0.014286 99.429746 0.000000 8.106983 0.004800 
535 3.240234 0.000000 -0.103135 99.298471 0.000000 8.129752 0.007372 
536 3.121094 0.000000 -0.103135 99.258504 0.000000 8.037559 0.008315 
537 3.240234 0.000000 -0.220557 99.210903 0.000000 8.323389 0.008792 
538 1.929688 0.000000 1.423347 100.962727 -0.000000 9.603938 -0.028571 
539 1.453125 0.000000 1.423347 101.890716 -0.000000 9.752912 -0.047684 
540 1.929688 0.000000 1.893034 100.867118 -0.000000 10.894452 -0.029286 
541 0.976562 0.000000 1.423347 103.106410 -0.000000 10.506580 -0.074132 
542 0.500000 0.000000 1.423347 104.070352 -0.000000 12.179667 -0.097898 
543 0.976562 0.000000 1.893034 102.122161 -0.000000 11.902173 -0.057060 
544 0.023438 0.000000 1.423347 103.967634 -0.000000 14.333414 -0.101472 
545 -0.453125 0.000000 1.423347 102.887991 -0.000000 15.949276 -0.084032 
546 0.023438 0.000000 1.893034 102.473378 -0.000000 14.232188 -0.070335 
547 -0.929688 0.000000 1.423347 101.597150 -0.000000 16.608936 -0.059784 
548 -1.406250 0.000000 1.423347 100.629548 -0.000000 16.719028 -0.040583 
549 -0.929688 0.000000 1.893034 101.213997 -0.000000 15.897188 -0.049699 
1 7 12 10 11 
2 12 2 13 10 
3 1 17 15 16 
4 17 7 11 15 
5 11 25 23 24 
6 25 10 26 23 
7 15 33 31 32 
8 33 11 24 31 
9 24 41 39 40 
10 41 23 42 39 
11 31 49 47 48 
12 49 24 40 47 
13 40 57 55 56 
14 57 39 58 55 
15 47 65 63 64 
16 65 40 56 63 
17 56 73 71 72 
18 73 55 74 71 
19 63 81 79 80 
20 81 56 72 79 
21 72 89 87 88 
22 89 71 90 87 
23 10 93 92 26 
24 93 13 94 92 
25 92 94 8 95 
26 26 92 95 14 
27 23 97 96 42 
28 97 26 98 96 
29 96 98 14 99 
30 42 96 99 27 
31 39 101 100 58 
32 101 42 102 100 
33 100 102 27 103 
34 55 105 104 74 
35 105 58 106 104 
36 71 109 108 90 
37 109 74 110 108 
38 108 110 59 111 
39 90 108 111 75 
40 115 117 83 118 
41 116 115 118 84 
42 87 121 119 120 
43 121 90 122 119 
44 119 122 75 123 
45 79 126 124 125 
46 126 72 88 124 
47 88 130 128 129 
48 130 87 120 128 
49 14 95 132 37 
50 95 8 133 132 
51 132 133 21 134 
52 37 132 134 19 
53 27 99 135 53 
54 99 14 136 135 
55 135 136 37 137 
56 53 135 137 35 
57 103 27 139 138 
58 138 139 53 140 
59 75 111 144 117 
60 111 59 145 144 
61 144 145 85 146 
62 117 144 146 83 
63 123 75 149 147 
64 147 149 117 150 
65 148 147 150 115 
66 120 153 151 152 
67 153 119 154 151 
68 151 154 123 155 
69 156 116 84 158 
70 157 156 158 112 
71 159 148 115 161 
72 160 159 161 116 
73 128 164 162 163 
74 164 120 152 162 
75 155 123 168 166 
76 166 168 147 169 
77 167 166 169 148 
78 152 172 170 171 
79 172 151 173 170 
80 170 173 155 174 
81 175 167 148 177 
82 176 175 177 159 
83 162 180 178 179 
84 180 152 171 178 
85 174 155 184 182 
86 182 184 166 185 
87 183 182 185 167 
88 171 188 186 187 
89 188 170 189 186 
90 186 189 174 190 
91 191 183 167 193 
92 192 191 193 175 
93 178 196 194 195 
94 196 171 187 194 
95 195 194 197 181 
96 91 190 198 199 
97 190 174 200 198 
98 198 200 182 201 
99 199 198 201 183 
100 187 204 202 203 
101 204 186 205 202 
102 202 205 190 206 
103 203 202 206 91 
104 124 209 207 208 
105 209 88 129 207 
106 129 213 211 212 
107 213 128 163 211 
108 211 163 131 214 
109 212 211 214 5 
110 163 217 215 216 
111 217 162 179 215 
112 215 179 165 218 
113 216 215 218 131 
114 179 221 219 220 
115 221 178 195 219 
116 219 195 181 222 
117 220 219 222 165 
118 223 160 116 225 
119 224 223 225 156 
120 207 228 226 227 
121 228 129 212 226 
122 230 232 160 233 
123 231 230 233 223 
124 226 236 234 235 
125 236 212 237 234 
126 234 237 5 238 
127 235 234 238 229 
128 16 241 239 240 
129 241 15 32 239 
130 239 32 18 242 
131 240 239 242 6 
132 32 245 243 244 
133 245 31 48 243 
134 243 48 34 246 
135 244 243 246 18 
136 48 249 247 248 
137 249 47 64 247 
138 247 64 50 250 
139 248 247 250 34 
140 64 253 251 252 
141 253 63 80 251 
142 251 80 66 254 
143 252 251 254 50 
144 80 257 255 256 
145 257 79 125 255 
146 255 125 82 258 
147 256 255 258 66 
148 125 261 259 260 
149 261 124 208 259 
150 260 259 262 82 
151 208 265 263 264 
152 265 207 227 263 
153 6 242 267 268 
154 242 18 45 267 
155 267 45 28 269 
156 268 267 269 29 
157 18 246 270 271 
158 246 34 61 270 
159 270 61 44 272 
160 271 270 272 45 
161 34 250 273 274 
162 250 50 77 273 
163 273 77 60 275 
164 274 273 275 61 
165 50 254 276 277 
166 254 66 113 276 
167 276 113 76 278 
168 277 276 278 77 
169 66 258 279 280 
170 258 82 157 279 
171 279 157 112 281 
172 280 279 281 113 
173 82 262 282 283 
174 282 224 156 284 
175 283 282 284 157 
176 259 287 285 286 
177 287 208 264 285 
178 286 285 288 262 
179 289 231 223 291 
180 290 289 291 224 
181 264 294 292 293 
182 294 263 295 292 
183 292 295 266 296 
184 262 288 297 298 
185 297 290 224 299 
186 298 297 299 282 
187 285 302 300 301 
188 302 264 293 300 
189 301 300 303 288 
190 296 266 306 304 
191 304 306 289 307 
192 305 304 307 290 
193 293 310 308 309 
194 310 292 311 308 
195 308 311 296 312 
196 309 308 312 127 
197 288 303 313 314 
198 313 305 290 315 
199 314 313 315 297 
200 300 318 316 317 
201 318 293 309 316 
202 316 309 127 319 
203 317 316 319 303 
204 127 312 320 321 
205 312 296 322 320 
206 320 322 304 323 
207 321 320 323 305 
208 210 326 324 325 
209 326 229 327 324 
210 324 327 230 328 
211 325 324 328 231 
212 5 214 329 232 
213 214 131 176 329 
214 329 176 159 330 
215 232 329 330 160 
216 131 218 331 332 
217 218 165 192 331 
218 331 192 175 333 
219 332 331 333 176 
220 165 222 334 335 
221 222 181 336 334 
222 334 336 191 337 
223 335 334 337 192 
224 181 197 338 336 
225 197 91 199 338 
226 338 199 183 339 
227 336 338 339 191 
228 194 342 340 341 
229 342 187 203 340 
230 340 203 91 343 
231 341 340 343 197 
232 345 103 346 344 
233 344 346 138 347 
234 59 354 353 145 
235 145 353 355 85 
236 58 357 356 106 
237 357 100 358 356 
238 356 358 103 345 
239 104 361 359 360 
240 361 106 362 359 
241 74 369 368 110 
242 369 104 360 368 
243 110 368 354 59 
244 354 372 370 371 
245 371 370 373 353 
246 360 376 374 375 
247 376 359 377 374 
248 43 384 383 351 
249 384 345 385 383 
250 383 385 344 386 
251 351 383 386 142 
252 350 388 387 366 
253 388 43 389 387 
254 387 389 351 390 
255 366 387 390 348 
256 365 392 391 381 
257 392 350 393 391 
258 391 393 366 394 
259 381 391 394 363 
260 20 38 395 396 
261 38 19 397 395 
262 395 397 22 398 
263 396 395 398 9 
264 36 54 399 400 
265 54 35 401 399 
266 399 401 38 402 
267 400 399 402 20 
268 52 70 403 404 
269 70 51 405 403 
270 403 405 54 406 
271 404 403 406 36 
272 67 143 407 408 
273 143 69 409 407 
274 407 409 51 410 
275 408 407 410 70 
276 141 352 411 412 
277 352 142 413 411 
278 411 413 69 414 
279 412 411 414 143 
280 349 367 415 416 
281 367 348 417 415 
282 415 417 352 418 
283 416 415 418 141 
284 364 382 419 420 
285 382 363 421 419 
286 419 421 367 422 
287 420 419 422 349 
288 425 381 426 423 
289 423 426 363 427 
290 424 423 427 382 
291 368 430 428 429 
292 430 360 375 428 
293 429 428 372 354 
294 372 433 431 432 
295 433 107 379 431 
296 431 379 364 434 
297 432 431 434 370 
298 379 437 435 436 
299 437 378 424 435 
300 435 424 382 438 
301 436 435 438 364 
302 375 441 439 440 
303 441 374 442 439 
304 439 442 365 380 
305 440 439 380 107 
306 380 445 443 444 
307 445 365 446 443 
308 443 446 381 425 
309 444 443 425 378 
310 378 449 447 448 
311 449 425 450 447 
312 447 450 423 451 
313 448 447 451 424 
314 19 134 452 397 
315 134 21 453 452 
316 452 453 3 454 
317 397 452 454 22 
318 28 46 455 456 
319 46 20 396 455 
320 455 396 9 457 
321 456 455 457 30 
322 29 269 458 459 
323 269 28 456 458 
324 458 456 30 460 
325 459 458 460 4 
326 35 137 461 401 
327 137 37 462 461 
328 461 462 19 463 
329 401 461 463 38 
330 44 62 464 465 
331 62 36 400 464 
332 464 400 20 466 
333 465 464 466 46 
334 45 272 467 468 
335 272 44 465 467 
336 467 465 46 469 
337 468 467 469 28 
338 51 140 470 405 
339 140 53 471 470 
340 470 471 35 472 
341 405 470 472 54 
342 60 78 473 474 
343 78 52 404 473 
344 473 404 36 475 
345 474 473 475 62 
346 61 275 476 477 
347 275 60 474 476 
348 476 474 62 478 
349 477 476 478 44 
350 68 86 479 480 
351 86 67 408 479 
352 479 408 70 481 
353 480 479 481 52 
354 76 114 482 483 
355 114 68 480 482 
356 482 480 52 484 
357 483 482 484 78 
358 77 278 485 486 
359 278 76 483 485 
360 485 483 78 487 
361 486 485 487 60 
362 69 347 488 409 
363 347 138 489 488 
364 488 489 140 490 
365 409 488 490 51 
366 85 355 491 492 
367 355 141 412 491 
368 491 412 143 493 
369 492 491 493 67 
370 227 496 494 495 
371 496 226 235 494 
372 494 235 229 326 
373 495 494 326 210 
374 229 238 497 327 
375 238 5 498 497 
376 497 498 232 499 
377 327 497 499 230 
378 263 501 500 295 
379 501 227 495 500 
380 500 495 210 502 
381 295 500 502 266 
382 266 502 503 306 
383 502 210 325 503 
384 503 325 231 504 
385 306 503 504 289 
386 303 319 505 506 
387 319 127 321 505 
388 505 321 305 507 
389 506 505 507 313 
390 142 386 508 413 
391 386 344 509 508 
392 508 509 347 510 
393 413 508 510 69 
394 348 390 511 417 
395 390 351 512 511 
396 511 512 142 513 
397 417 511 513 352 
398 353 373 514 515 
399 373 349 416 514 
400 514 416 141 516 
401 515 514 516 355 
402 106 518 517 362 
403 518 356 519 517 
404 517 519 345 384 
405 362 517 384 43 
406 359 521 520 377 
407 521 362 522 520 
408 520 522 43 388 
409 377 520 388 350 
410 363 394 523 421 
411 394 366 524 523 
412 523 524 348 525 
413 421 523 525 367 
414 370 434 526 527 
415 434 364 420 526 
416 526 420 349 528 
417 527 526 528 373 
418 374 530 529 442 
419 530 377 531 529 
420 529 531 350 392 
421 442 529 392 365 
422 107 534 532 533 
423 534 380 444 532 
424 532 444 378 437 
425 533 532 437 379 
426 428 537 535 536 
427 537 375 440 535 
428 535 440 107 433 
429 536 535 433 372 
430 83 146 538 539 
431 146 85 492 538 
432 538 492 67 540 
433 539 538 540 86 
434 84 118 541 542 
435 118 83 539 541 
436 541 539 86 543 
437 542 541 543 68 
438 112 158 544 545 
439 158 84 542 544 
440 544 542 68 546 
441 545 544 546 114 
442 113 281 547 548 
443 281 112 545 547 
444 547 545 114 549 
445 548 547 549 76 
