2 0.000000 100.000000 747.808936
378 298 
1 -30.000000 0.000000 -30.045681 99.446836 -0.000000 10.454014 0.000104 
2 31.000000 0.000000 -30.045681 99.448837 0.000000 10.424784 0.000125 
3 31.000000 0.000000 30.074253 99.461618 -0.000000 10.410545 -0.000099 
4 -30.000000 0.000000 30.074253 99.458450 -0.000000 10.453760 -0.000126 
5 0.500000 0.000000 0.014286 100.971238 0.000558 2.476990 -0.020133 
6 -30.000000 0.000000 0.014286 99.452740 -0.000000 10.461002 -0.000028 
7 0.500000 0.000000 -30.045681 99.437261 -0.000000 10.437645 0.000329 
8 31.000000 0.000000 0.014286 99.641479 0.000000 8.633240 -0.000296 
9 0.500000 0.000000 30.074253 99.470677 -0.000000 10.434479 -0.000329 
10 15.750000 0.000000 -15.015697 99.438861 0.000000 10.342115 0.000495 
11 0.500000 0.000000 -15.015697 99.393363 0.000000 10.392063 0.001296 
12 15.750000 0.000000 -30.045681 99.442697 0.000000 10.426444 0.000244 
13 31.000000 0.000000 -15.015697 99.455152 -0.000000 10.358494 0.000137 
14 15.750000 0.000000 0.014286 99.800228 0.000000 7.057021 -0.000989 
15 -14.750000 0.000000 -15.015697 99.430473 0.000000 10.457176 0.000423 
16 -30.000000 0.000000 -15.015697 99.446920 -0.000000 10.457732 0.000095 
17 -14.750000 0.000000 -30.045681 99.441221 0.000000 10.450077 0.000224 
18 -14.750000 0.000000 0.014286 99.453266 -0.000000 10.485767 -0.000090 
19 15.750000 0.000000 15.044270 99.488634 -0.000000 10.289651 -0.000387 
20 0.500000 0.000000 15.044270 99.525279 -0.000000 10.380721 -0.001304 
21 31.000000 0.000000 15.044270 99.477945 -0.000000 10.247779 -0.000088 
22 15.750000 0.000000 30.074253 99.466736 -0.000000 10.418536 -0.000218 
23 8.125000 0.000000 -7.500705 99.398728 0.000000 10.037093 0.001915 
24 0.500000 0.000000 -7.500705 99.227711 -0.000000 10.219510 0.004942 
25 8.125000 0.000000 -15.015697 99.414857 -0.000000 10.348677 0.000959 
26 15.750000 0.000000 -7.500705 99.462163 -0.000000 10.093998 0.000539 
27 8.125000 0.000000 0.014286 99.884965 0.000000 5.931314 -0.001219 
28 -14.750000 0.000000 15.044270 99.477174 0.000000 10.456758 -0.000505 
29 -30.000000 0.000000 15.044270 99.458561 0.000000 10.457628 -0.000137 
30 -14.750000 0.000000 30.074253 99.465021 -0.000000 10.449219 -0.000248 
31 -7.125000 0.000000 -7.500705 99.364206 -0.000000 10.467920 0.001718 
32 -14.750000 0.000000 -7.500705 99.430286 -0.000000 10.472048 0.000395 
33 -7.125000 0.000000 -15.015697 99.408273 -0.000000 10.441057 0.000898 
34 -7.125000 0.000000 0.014286 99.448609 -0.000000 10.585357 -0.000208 
35 8.125000 0.000000 7.529278 99.584611 -0.000000 9.872945 -0.001457 
36 0.500000 0.000000 7.529278 99.731617 -0.000000 10.184571 -0.005012 
37 15.750000 0.000000 7.529278 99.541528 -0.000000 9.750153 -0.000358 
38 8.125000 0.000000 15.044270 99.508907 -0.000000 10.319370 -0.000851 
39 4.312500 0.000000 -3.743210 99.236346 0.000000 9.128230 0.006882 
40 0.500000 0.000000 -3.743210 98.693917 0.000000 9.706184 0.016530 
41 4.312500 0.000000 -7.500705 99.309289 -0.000000 10.061358 0.003643 
42 8.125000 0.000000 -3.743210 99.468358 0.000000 9.269355 0.002012 
43 4.312500 0.000000 0.014286 99.791220 0.000000 5.226520 0.001440 
44 -7.125000 0.000000 7.529278 99.550598 -0.000000 10.470756 -0.001996 
45 -14.750000 0.000000 7.529278 99.477239 -0.000000 10.472515 -0.000539 
46 -7.125000 0.000000 15.044270 99.503377 -0.000000 10.438803 -0.000989 
47 -3.312500 0.000000 -3.743210 99.107934 0.000000 10.499859 0.006737 
48 -7.125000 0.000000 -3.743210 99.360304 -0.000000 10.526785 0.001672 
49 -3.312500 0.000000 -7.500705 99.279918 0.000000 10.403389 0.003527 
50 -3.312500 0.000000 0.014286 99.397082 -0.000000 10.967898 -0.000007 
51 4.312500 0.000000 3.771782 99.866424 -0.000000 8.788425 -0.005054 
52 0.500000 0.000000 3.771782 100.413631 -0.000000 9.630732 -0.017565 
53 8.125000 0.000000 3.771782 99.697564 -0.000000 8.600624 -0.001357 
54 4.312500 0.000000 7.529278 99.663196 0.000000 9.968795 -0.003213 
55 2.406250 0.000000 -1.864462 98.662252 0.000000 7.494242 0.020960 
56 0.500000 0.000000 -1.864462 97.398934 0.000000 8.717745 0.043745 
57 2.406250 0.000000 -3.743210 98.945253 0.000000 9.236668 0.012452 
58 4.312500 0.000000 -1.864462 99.346656 0.000000 7.639313 0.007188 
59 2.406250 0.000000 0.014286 99.409960 -0.000000 4.249116 0.009960 
60 -3.312500 0.000000 3.771782 99.821923 -0.000000 10.540662 -0.007552 
61 -7.125000 0.000000 3.771782 99.547668 -0.000000 10.535144 -0.002073 
62 -3.312500 0.000000 7.529278 99.652163 -0.000000 10.402877 -0.003877 
63 -1.406250 0.000000 -1.864462 98.274286 -0.000000 10.612685 0.022954 
64 -3.312500 0.000000 -1.864462 99.080520 -0.000000 10.722828 0.006807 
65 -1.406250 0.000000 -3.743210 98.828344 0.000000 10.267525 0.012754 
66 -1.406250 0.000000 0.014286 99.121354 -0.000000 12.338649 0.002271 
67 2.406250 0.000000 1.893034 100.511049 -0.000000 7.001090 -0.015149 
68 0.500000 0.000000 1.893034 102.185593 -0.000000 8.582164 -0.051555 
69 4.312500 0.000000 1.893034 99.940987 -0.000000 7.040762 -0.003777 
70 2.406250 0.000000 3.771782 100.150495 -0.000000 9.006598 -0.011124 
71 1.453125 0.000000 -0.925088 97.384089 0.000000 5.740524 0.048339 
72 0.500000 0.000000 -0.925088 95.482587 -0.000000 7.437735 0.082776 
73 1.453125 0.000000 -1.864462 97.971705 0.000000 7.774244 0.034111 
74 2.406250 0.000000 -0.925088 98.736920 0.000000 5.825677 0.021708 
75 1.453125 0.000000 0.014286 86.007105 0.002060 -4.531921 0.258224 
76 -1.406250 0.000000 1.893034 100.687615 -0.000000 10.886268 -0.025651 
77 -3.312500 0.000000 1.893034 99.789464 -0.000000 10.794729 -0.007446 
78 -1.406250 0.000000 3.771782 100.178280 -0.000000 10.314568 -0.014208 
79 -0.453125 0.000000 -0.925088 96.119161 -0.000000 10.807952 0.064430 
80 -1.406250 0.000000 -0.925088 98.119657 -0.000000 11.387842 0.024285 
81 -0.453125 0.000000 -1.864462 97.569655 0.000000 9.956174 0.038104 
82 -0.453125 0.000000 0.014286 63.682443 -0.001518 35.297755 0.469861 
83 1.453125 0.000000 0.953660 101.721415 -0.000000 4.563619 -0.036807 
84 0.500000 0.000000 0.953660 105.593480 -0.000000 6.963365 -0.119847 
85 2.406250 0.000000 0.953660 100.278564 -0.000000 5.293624 -0.008381 
86 1.453125 0.000000 1.893034 101.350541 -0.000000 7.269796 -0.032478 
87 0.976562 0.000000 -0.455401 92.319859 0.001511 -2.469072 0.147095 
88 0.500000 0.000000 -0.455401 93.455273 -0.000963 3.533663 0.125363 
89 0.976562 0.000000 -0.925088 96.368996 0.000000 6.273990 0.067365 
90 1.453125 0.000000 -0.455401 97.299991 0.000000 4.039255 0.051640 
91 0.976562 0.000000 0.014286 90.204002 0.001801 -7.777633 0.180275 
92 23.375000 0.000000 -7.500705 99.473162 -0.000000 10.150442 0.000206 
93 23.375000 0.000000 -15.015697 99.450403 -0.000000 10.349435 0.000251 
94 31.000000 0.000000 -7.500705 99.474074 0.000000 10.194181 0.000099 
95 23.375000 0.000000 0.014286 99.709640 0.000000 7.968778 -0.000551 
96 11.937500 0.000000 -3.743210 99.516161 0.000000 9.429298 0.000762 
97 11.937500 0.000000 -7.500705 99.443288 -0.000000 10.061765 0.000979 
98 15.750000 0.000000 -3.743210 99.524592 0.000000 9.558500 0.000349 
99 11.937500 0.000000 0.014286 99.849025 0.000000 6.515532 -0.001228 
100 6.218750 0.000000 -1.864462 99.545940 0.000000 7.900083 0.002819 
101 6.218750 0.000000 -3.743210 99.395391 0.000000 9.183464 0.003622 
102 8.125000 0.000000 -1.864462 99.608343 0.000000 8.138046 0.001195 
103 6.218750 0.000000 0.014286 99.877182 0.000000 5.599701 -0.000681 
104 3.359375 0.000000 -0.925088 99.285805 0.000000 6.153245 0.010447 
105 3.359375 0.000000 -1.864462 99.101480 0.000000 7.518113 0.012237 
106 4.312500 0.000000 -0.925088 99.530983 0.000000 6.421089 0.005235 
107 3.359375 0.000000 0.014286 99.661787 0.000000 4.912195 0.004340 
108 1.929688 0.000000 -0.455401 98.433329 0.000000 4.458163 0.029100 
109 1.929688 0.000000 -0.925088 98.200403 0.000000 5.679974 0.032442 
110 2.406250 0.000000 -0.455401 98.979326 0.000000 4.880116 0.017928 
111 1.929688 0.000000 0.014286 99.142060 -0.000000 3.537749 0.015834 
112 -0.453125 0.000000 0.953660 103.090810 -0.000000 12.105949 -0.077427 
113 -1.406250 0.000000 0.953660 100.519874 -0.000000 11.802246 -0.024354 
114 -0.453125 0.000000 1.893034 101.715025 -0.000000 10.269576 -0.045141 
115 0.976562 0.000000 0.483973 95.517197 0.002225 -6.683572 0.083179 
116 0.500000 0.000000 0.483973 122.136400 0.001873 -3.474707 -0.492937 
117 1.453125 0.000000 0.483973 100.840321 -0.000000 2.561720 -0.017533 
118 0.976562 0.000000 0.953660 103.600450 -0.000000 4.809948 -0.075619 
119 1.214844 0.000000 -0.220557 93.104129 0.001868 -4.500175 0.131137 
120 0.976562 0.000000 -0.220557 95.821802 0.001662 -3.667757 0.080473 
121 1.214844 0.000000 -0.455401 81.112274 0.002029 -4.240133 0.340282 
122 1.453125 0.000000 -0.220557 76.369336 0.001742 -3.982252 0.415187 
123 1.214844 0.000000 0.014286 94.275226 0.001866 -4.506491 0.109187 
124 0.023438 0.000000 -0.455401 79.853487 -0.001530 18.340248 0.328706 
125 -0.453125 0.000000 -0.455401 95.135870 -0.000000 12.816365 0.078491 
126 0.023438 0.000000 -0.925088 95.212101 -0.000000 9.229417 0.084947 
127 0.023438 0.000000 0.014286 110.306294 -0.000525 46.863427 -0.436366 
128 0.738281 0.000000 -0.220557 98.608473 0.001353 -3.102087 0.026675 
129 0.500000 0.000000 -0.220557 103.244592 0.000493 -0.403701 -0.065961 
130 0.738281 0.000000 -0.455401 96.609929 0.001464 -2.744801 0.065899 
131 0.738281 0.000000 0.014286 101.818772 0.001644 -3.876486 -0.038209 
132 23.375000 0.000000 7.529278 99.548314 -0.000000 9.582768 -0.000170 
133 31.000000 0.000000 7.529278 99.570664 -0.000000 9.342324 -0.000160 
134 23.375000 0.000000 15.044270 99.480069 -0.000000 10.269653 -0.000175 
135 11.937500 0.000000 3.771782 99.688167 -0.000000 8.352383 -0.000749 
136 15.750000 0.000000 3.771782 99.711904 -0.000000 8.034566 -0.000702 
137 11.937500 0.000000 7.529278 99.551209 -0.000000 9.813500 -0.000675 
138 6.218750 0.000000 1.893034 99.854610 -0.000000 6.959510 -0.001938 
139 8.125000 0.000000 1.893034 99.846766 -0.000000 6.800706 -0.001563 
140 6.218750 0.000000 3.771782 99.741720 -0.000000 8.696093 -0.002403 
141 3.359375 0.000000 0.953660 99.976711 -0.000000 5.696550 -0.002779 
142 4.312500 0.000000 0.953660 99.911410 -0.000000 5.835699 -0.001635 
143 3.359375 0.000000 1.893034 100.107281 -0.000000 7.017876 -0.007072 
144 1.929688 0.000000 0.483973 100.109036 -0.000000 3.852982 -0.003666 
145 2.406250 0.000000 0.483973 99.903184 -0.000000 4.518448 -0.000106 
146 1.929688 0.000000 0.953660 100.738574 -0.000000 4.928795 -0.017255 
147 1.214844 0.000000 0.249130 93.282709 0.001890 -4.737913 0.127589 
148 0.976562 0.000000 0.249130 97.405557 0.001847 -4.709802 0.048998 
149 1.453125 0.000000 0.249130 76.369336 0.001742 -3.982252 0.415187 
150 1.214844 0.000000 0.483973 101.890527 -0.000000 1.565295 -0.038413 
151 1.095703 0.000000 -0.103135 95.394800 0.001803 -4.231941 0.088192 
152 0.976562 0.000000 -0.103135 96.632119 0.001704 -3.969787 0.064647 
153 1.095703 0.000000 -0.220557 94.509988 0.001840 -4.321773 0.104918 
154 1.214844 0.000000 -0.103135 93.107652 0.001742 -3.825717 0.131633 
155 1.095703 0.000000 0.014286 95.391791 0.001819 -4.349821 0.088149 
156 0.023438 0.000000 0.483973 95.727493 -0.000688 29.474396 -0.003249 
157 -0.453125 0.000000 0.483973 102.770795 -0.000000 15.087200 -0.078946 
158 0.023438 0.000000 0.953660 105.312414 -0.000000 10.390017 -0.119866 
159 0.738281 0.000000 0.249130 100.695856 0.001535 -3.570781 -0.015241 
160 0.500000 0.000000 0.249130 106.725333 0.000695 2.150099 -0.139492 
161 0.738281 0.000000 0.483973 106.179705 0.002104 -7.301859 -0.132745 
162 0.857422 0.000000 -0.103135 98.114647 0.001557 -3.581616 0.036069 
163 0.738281 0.000000 -0.103135 99.208989 0.001210 -1.977833 0.015366 
164 0.857422 0.000000 -0.220557 97.203101 0.001536 -3.454082 0.053963 
165 0.857422 0.000000 0.014286 99.589008 0.001726 -4.924580 0.005778 
166 1.095703 0.000000 0.131708 95.611418 0.001829 -4.451008 0.083865 
167 0.976562 0.000000 0.131708 96.941853 0.001742 -4.265787 0.058408 
168 1.214844 0.000000 0.131708 94.401495 0.002004 -5.297566 0.106029 
169 1.095703 0.000000 0.249130 94.805620 0.001881 -4.673502 0.099005 
170 1.036133 0.000000 -0.044425 95.520301 0.001807 -4.275902 0.085759 
171 0.976562 0.000000 -0.044425 96.620624 0.001717 -4.050963 0.064804 
172 1.036133 0.000000 -0.103135 95.542428 0.001798 -4.208138 0.085394 
173 1.095703 0.000000 -0.044425 95.363782 0.001811 -4.289663 0.088735 
174 1.036133 0.000000 0.014286 95.557712 0.001816 -4.347986 0.084982 
175 0.857422 0.000000 0.131708 98.525344 0.001611 -3.941398 0.027722 
176 0.738281 0.000000 0.131708 100.249114 0.001430 -3.374463 -0.006127 
177 0.857422 0.000000 0.249130 98.985816 0.001712 -4.256639 0.018369 
178 0.916992 0.000000 -0.044425 96.443062 0.001416 -1.852609 0.069530 
179 0.857422 0.000000 -0.044425 96.989441 0.001115 -0.331330 0.059294 
180 0.916992 0.000000 -0.103135 96.970251 0.001689 -3.921320 0.058139 
181 0.916992 0.000000 0.014286 97.983661 0.001761 -6.020092 0.036296 
182 1.036133 0.000000 0.072997 95.653864 0.001824 -4.414735 0.083085 
183 0.976562 0.000000 0.072997 96.786640 0.001737 -4.210183 0.061462 
184 1.095703 0.000000 0.072997 95.479336 0.001825 -4.405533 0.086429 
185 1.036133 0.000000 0.131708 95.791161 0.001829 -4.468057 0.080409 
186 1.006348 0.000000 -0.015069 95.600347 0.001713 -3.950584 0.084497 
187 0.976562 0.000000 -0.015069 93.232508 0.002303 -3.162292 0.129770 
188 1.006348 0.000000 -0.044425 95.585977 0.001707 -3.909630 0.084804 
189 1.036133 0.000000 -0.015069 95.531168 0.001812 -4.311988 0.085520 
190 1.006348 0.000000 0.014286 96.518857 0.001732 -4.143301 0.066694 
191 0.916992 0.000000 0.072997 97.176363 0.001728 -4.195996 0.053915 
192 0.857422 0.000000 0.072997 99.862215 0.001910 -5.822895 -0.000637 
193 0.916992 0.000000 0.131708 97.315779 0.001736 -4.261239 0.051148 
194 0.946777 0.000000 -0.015069 94.852118 0.001938 -0.767730 0.100249 
195 0.916992 0.000000 -0.015069 96.913682 0.001522 -2.860720 0.059955 
196 0.946777 0.000000 -0.044425 96.794160 0.001711 -4.033135 0.061462 
197 0.946777 0.000000 0.014286 95.660701 0.001989 -6.550490 0.080612 
198 1.006348 0.000000 0.043642 96.567153 0.001737 -4.179508 0.065732 
199 0.976562 0.000000 0.043642 96.723088 0.001733 -4.174671 0.062722 
200 1.036133 0.000000 0.043642 95.599230 0.001820 -4.382623 0.084158 
201 1.006348 0.000000 0.072997 96.720040 0.001834 -4.564082 0.062440 
202 0.991455 0.000000 -0.000391 78.441999 0.002176 -0.567033 0.384653 
203 0.976562 0.000000 -0.000391 87.138114 0.002159 -3.929315 0.239151 
204 0.991455 0.000000 -0.015069 85.374086 0.002058 -1.941650 0.270750 
205 1.006348 0.000000 -0.000391 84.934109 0.001739 -4.020001 0.277004 
206 0.991455 0.000000 0.014286 85.490607 0.001650 -6.428394 0.265003 
207 0.261719 0.000000 -0.220557 97.151668 -0.000447 10.217209 0.045716 
208 0.023438 0.000000 -0.220557 91.984717 -0.001022 15.631702 0.129446 
209 0.261719 0.000000 -0.455401 79.111766 -0.001775 -5.340377 0.371281 
210 0.261719 0.000000 0.014286 102.377654 -0.000419 8.163808 -0.054783 
211 0.619141 0.000000 -0.103135 99.859386 0.000806 -0.920750 0.002726 
212 0.500000 0.000000 -0.103135 97.637837 0.000290 4.225127 0.044900 
213 0.619141 0.000000 -0.220557 100.992349 0.001099 -2.053129 -0.020367 
214 0.619141 0.000000 0.014286 103.310769 0.001182 -2.122501 -0.067762 
215 0.797852 0.000000 -0.044425 97.365603 0.001014 -0.442486 0.051974 
216 0.738281 0.000000 -0.044425 99.128096 0.001094 -0.974085 0.017267 
217 0.797852 0.000000 -0.103135 98.379302 0.001430 -3.347360 0.031031 
218 0.797852 0.000000 0.014286 100.341192 0.001681 -4.333327 -0.008713 
219 0.887207 0.000000 -0.015069 96.242940 0.000857 1.783808 0.073411 
220 0.857422 0.000000 -0.015069 98.494288 0.001436 -2.780143 0.029115 
221 0.887207 0.000000 -0.044425 96.205860 0.001141 -0.343578 0.074431 
222 0.887207 0.000000 0.014286 101.080703 0.002169 -9.199839 -0.030195 
223 0.261719 0.000000 0.249130 99.735281 -0.000303 11.113571 -0.007064 
224 0.023438 0.000000 0.249130 95.914179 -0.000774 16.654801 0.052309 
225 0.261719 0.000000 0.483973 128.615638 0.000613 18.902994 -0.689931 
226 0.380859 0.000000 -0.103135 98.286822 -0.000240 6.605546 0.029607 
227 0.261719 0.000000 -0.103135 96.685682 -0.000661 8.442954 0.058060 
228 0.380859 0.000000 -0.220557 98.561838 -0.000177 8.167924 0.021885 
229 0.380859 0.000000 0.014286 102.494714 0.000004 5.232567 -0.053255 
230 0.380859 0.000000 0.131708 104.590349 0.000251 5.619605 -0.097072 
231 0.261719 0.000000 0.131708 104.946422 -0.000153 9.689663 -0.110764 
232 0.500000 0.000000 0.131708 102.071470 0.000760 2.242211 -0.042361 
233 0.380859 0.000000 0.249130 100.551572 -0.000033 8.455981 -0.018212 
234 0.440430 0.000000 -0.044425 96.002018 -0.000507 4.721753 0.076132 
235 0.380859 0.000000 -0.044425 98.196953 -0.000301 6.332679 0.031726 
236 0.440430 0.000000 -0.103135 98.964090 0.000014 5.768406 0.017283 
237 0.500000 0.000000 -0.044425 97.644456 0.000239 4.238392 0.044760 
238 0.440430 0.000000 0.014286 101.535321 0.000282 4.058731 -0.032589 
239 -22.375000 0.000000 -7.500705 99.444813 -0.000000 10.464286 0.000123 
240 -30.000000 0.000000 -7.500705 99.449048 -0.000000 10.459982 0.000048 
241 -22.375000 0.000000 -15.015697 99.441888 -0.000000 10.458786 0.000192 
242 -22.375000 0.000000 0.014286 99.452998 -0.000000 10.467396 -0.000047 
243 -10.937500 0.000000 -3.743210 99.420464 -0.000000 10.498058 0.000536 
244 -14.750000 0.000000 -3.743210 99.438517 0.000000 10.481297 0.000212 
245 -10.937500 0.000000 -7.500705 99.409729 -0.000000 10.475694 0.000797 
246 -10.937500 0.000000 0.014286 99.452847 0.000000 10.511594 -0.000136 
247 -5.218750 0.000000 -1.864462 99.307941 0.000000 10.642109 0.002468 
248 -7.125000 0.000000 -1.864462 99.390839 0.000000 10.564976 0.000984 
249 -5.218750 0.000000 -3.743210 99.278158 0.000000 10.538093 0.003280 
250 -5.218750 0.000000 0.014286 99.437368 -0.000000 10.696018 -0.000220 
251 -2.359375 0.000000 -0.925088 98.902171 -0.000000 11.086629 0.009545 
252 -3.312500 0.000000 -0.925088 99.184769 0.000000 10.875518 0.004410 
253 -2.359375 0.000000 -1.864462 98.794121 0.000000 10.748284 0.012420 
254 -2.359375 0.000000 0.014286 99.330728 -0.000000 11.341740 0.000477 
255 -0.929688 0.000000 -0.455401 97.483804 -0.000000 12.527796 0.033996 
256 -1.406250 0.000000 -0.455401 98.423361 -0.000000 11.943579 0.017019 
257 -0.929688 0.000000 -0.925088 97.306467 0.000000 11.381666 0.040191 
258 -0.929688 0.000000 0.014286 98.796484 -0.000000 13.600226 0.005429 
259 -0.214844 0.000000 -0.220557 86.329889 -0.001242 21.479560 0.208578 
260 -0.453125 0.000000 -0.220557 43.203536 -0.001637 43.386673 0.625105 
261 -0.214844 0.000000 -0.455401 47.376717 -0.002221 1.737371 0.775243 
262 -0.214844 0.000000 0.014286 89.450267 -0.001125 20.364189 0.158395 
263 0.142578 0.000000 -0.103135 94.775661 -0.000845 10.500897 0.090731 
264 0.023438 0.000000 -0.103135 93.116828 -0.000898 15.359859 0.109333 
265 0.142578 0.000000 -0.220557 94.423144 -0.000837 13.318736 0.090688 
266 0.142578 0.000000 0.014286 100.723519 -0.000672 12.125898 -0.029226 
267 -22.375000 0.000000 7.529278 99.461289 -0.000000 10.464313 -0.000205 
268 -30.000000 0.000000 7.529278 99.456443 -0.000000 10.459953 -0.000099 
269 -22.375000 0.000000 15.044270 99.464244 -0.000000 10.458618 -0.000252 
270 -10.937500 0.000000 3.771782 99.486872 -0.000000 10.499966 -0.000789 
271 -14.750000 0.000000 3.771782 99.468386 0.000000 10.481825 -0.000383 
272 -10.937500 0.000000 7.529278 99.499671 -0.000000 10.476987 -0.000995 
273 -5.218750 0.000000 1.893034 99.580671 0.000000 10.663548 -0.003002 
274 -7.125000 0.000000 1.893034 99.510084 -0.000000 10.571773 -0.001402 
275 -5.218750 0.000000 3.771782 99.632578 -0.000000 10.556933 -0.003810 
276 -2.359375 0.000000 0.953660 99.843892 -0.000000 11.224048 -0.009478 
277 -3.312500 0.000000 0.953660 99.634873 -0.000000 10.929608 -0.004656 
278 -2.359375 0.000000 1.893034 100.079225 -0.000000 10.893050 -0.013451 
279 -0.929688 0.000000 0.483973 100.587723 -0.000000 13.289285 -0.029450 
280 -1.406250 0.000000 0.483973 99.958790 -0.000000 12.258304 -0.014203 
281 -0.929688 0.000000 0.953660 101.401292 -0.000000 12.159728 -0.043008 
282 -0.214844 0.000000 0.249130 88.309894 -0.001171 23.037809 0.167062 
283 -0.453125 0.000000 0.249130 52.945838 -0.001214 70.661926 0.220363 
284 -0.214844 0.000000 0.483973 105.543434 -0.000451 76.878660 -0.704974 
285 -0.095703 0.000000 -0.103135 90.983500 -0.001042 17.657041 0.141023 
286 -0.214844 0.000000 -0.103135 86.704618 -0.001253 20.740891 0.205212 
287 -0.095703 0.000000 -0.220557 89.513679 -0.001158 17.912671 0.166644 
288 -0.095703 0.000000 0.014286 91.501576 -0.001017 18.384519 0.128947 
289 0.142578 0.000000 0.131708 101.850704 -0.000501 14.359458 -0.057976 
290 0.023438 0.000000 0.131708 94.963738 -0.000816 16.427658 0.071202 
291 0.142578 0.000000 0.249130 98.068575 -0.000559 13.917873 0.018885 
292 0.083008 0.000000 -0.044425 88.153064 -0.001474 1.878848 0.222551 
293 0.023438 0.000000 -0.044425 79.207942 -0.001607 -0.337532 0.372599 
294 0.083008 0.000000 -0.103135 93.922578 -0.000875 14.702668 0.096238 
295 0.142578 0.000000 -0.044425 92.712572 -0.001187 5.005524 0.137932 
296 0.083008 0.000000 0.014286 103.077597 -0.000655 18.792730 -0.097816 
297 -0.095703 0.000000 0.131708 92.557126 -0.000979 18.657315 0.108508 
298 -0.214844 0.000000 0.131708 90.103454 -0.001072 21.820628 0.140523 
299 -0.095703 0.000000 0.249130 93.556737 -0.000934 19.186686 0.087901 
300 -0.036133 0.000000 -0.044425 91.572463 -0.001026 17.696800 0.130131 
301 -0.095703 0.000000 -0.044425 91.148266 -0.001032 18.050623 0.136617 
302 -0.036133 0.000000 -0.103135 91.350566 -0.001038 17.278899 0.135651 
303 -0.036133 0.000000 0.014286 91.990849 -0.001008 18.068775 0.121120 
304 0.083008 0.000000 0.072997 107.534570 -0.000547 20.626188 -0.198912 
305 0.023438 0.000000 0.072997 94.392006 -0.000842 16.356859 0.082260 
306 0.142578 0.000000 0.072997 113.018005 -0.000282 17.262272 -0.307106 
307 0.083008 0.000000 0.131708 95.847845 -0.000786 15.761939 0.056475 
308 0.053223 0.000000 -0.015069 86.526965 -0.001503 1.597390 0.251053 
309 0.023438 0.000000 -0.015069 67.916564 -0.002026 -9.710493 0.529305 
310 0.053223 0.000000 -0.044425 85.385089 -0.001590 -0.293721 0.270930 
311 0.083008 0.000000 -0.015069 88.901768 -0.001377 3.935103 0.208099 
312 0.053223 0.000000 0.014286 105.970044 -0.000622 25.764119 -0.189344 
313 -0.036133 0.000000 0.072997 92.545205 -0.000987 18.316987 0.109987 
314 -0.095703 0.000000 0.072997 91.999292 -0.000999 18.595688 0.119033 
315 -0.036133 0.000000 0.131708 93.133345 -0.000965 18.404860 0.098744 
316 -0.006348 0.000000 -0.015069 51.230881 -0.001498 10.451371 0.726617 
317 -0.036133 0.000000 -0.015069 91.759313 -0.001018 17.893870 0.126004 
318 -0.006348 0.000000 -0.044425 93.010002 -0.000895 16.055456 0.109136 
319 -0.006348 0.000000 0.014286 71.220921 -0.001001 56.410805 0.174540 
320 0.053223 0.000000 0.043642 121.466944 -0.000305 37.415725 -0.615416 
321 0.023438 0.000000 0.043642 109.700585 -0.000538 40.574494 -0.368051 
322 0.083008 0.000000 0.043642 115.432823 -0.000393 26.609512 -0.403280 
323 0.053223 0.000000 0.072997 108.820883 -0.000542 25.228619 -0.247847 
324 0.321289 0.000000 0.072997 113.950538 0.000366 4.612035 -0.300600 
325 0.261719 0.000000 0.072997 108.223144 -0.000080 9.292303 -0.179860 
326 0.321289 0.000000 0.014286 101.634381 -0.000209 7.210640 -0.038154 
327 0.380859 0.000000 0.072997 105.827097 0.000304 4.950460 -0.122388 
328 0.321289 0.000000 0.131708 103.449422 -0.000007 7.878391 -0.076385 
329 0.619141 0.000000 0.131708 105.112163 0.001483 -3.285337 -0.105936 
330 0.619141 0.000000 0.249130 102.060540 0.001213 -2.533162 -0.042277 
331 0.797852 0.000000 0.072997 101.672197 0.002129 -6.921035 -0.038514 
332 0.738281 0.000000 0.072997 103.498326 0.002061 -6.385425 -0.075268 
333 0.797852 0.000000 0.131708 99.025615 0.001589 -3.884691 0.017884 
334 0.887207 0.000000 0.043642 100.069278 0.001978 -6.970322 -0.006245 
335 0.857422 0.000000 0.043642 100.549039 0.002009 -7.007067 -0.015921 
336 0.916992 0.000000 0.043642 99.103723 0.002083 -9.025961 0.009698 
337 0.887207 0.000000 0.072997 99.137844 0.001840 -5.989738 0.013581 
338 0.946777 0.000000 0.043642 97.796492 0.001879 -7.385624 0.038130 
339 0.946777 0.000000 0.072997 96.969894 0.001733 -4.204939 0.057916 
340 0.961670 0.000000 -0.000391 92.639507 0.002383 -3.214676 0.140759 
341 0.946777 0.000000 -0.000391 94.800480 0.001916 -3.964131 0.099715 
342 0.961670 0.000000 -0.015069 93.768265 0.002174 -2.917804 0.119900 
343 0.961670 0.000000 0.014286 94.178863 0.001999 -6.756691 0.108469 
344 2.882812 0.000000 0.483973 99.847126 -0.000000 4.874271 0.000679 
345 2.882812 0.000000 0.014286 99.556818 0.000000 4.637342 0.006694 
346 3.359375 0.000000 0.483973 99.839837 -0.000000 5.109905 0.000590 
347 2.882812 0.000000 0.953660 100.079403 -0.000000 5.542307 -0.004660 
348 5.265625 0.000000 0.953660 99.907915 -0.000000 5.851761 -0.001583 
349 5.265625 0.000000 0.014286 99.852199 0.000000 5.437523 -0.000003 
350 6.218750 0.000000 0.953660 99.918487 -0.000000 5.797702 -0.001732 
351 5.265625 0.000000 1.893034 99.876131 -0.000000 7.021394 -0.002454 
352 3.835938 0.000000 0.483973 99.854521 -0.000000 5.232614 0.000169 
353 3.835938 0.000000 0.014286 99.738964 0.000000 5.089945 0.002623 
354 4.312500 0.000000 0.483973 99.873683 -0.000000 5.302122 -0.000287 
355 3.835938 0.000000 0.953660 99.929982 -0.000000 5.788006 -0.001950 
356 5.265625 0.000000 -0.925088 99.645046 0.000000 6.641210 0.002676 
357 5.265625 0.000000 -1.864462 99.478384 0.000000 7.776444 0.004358 
358 6.218750 0.000000 -0.925088 99.695173 0.000000 6.815775 0.001442 
359 2.882812 0.000000 -0.455401 99.269393 0.000000 5.177706 0.011878 
360 2.882812 0.000000 -0.925088 99.067626 0.000000 5.996451 0.014965 
361 3.359375 0.000000 -0.455401 99.456868 0.000000 5.427853 0.007887 
362 0.321289 0.000000 -0.044425 96.339615 -0.000767 5.793039 0.068512 
363 0.261719 0.000000 -0.044425 96.150837 -0.000824 7.036543 0.070550 
364 0.321289 0.000000 -0.103135 97.960252 -0.000382 7.942043 0.034071 
365 0.440430 0.000000 0.072997 113.858606 0.001143 -2.041449 -0.296795 
366 0.500000 0.000000 0.072997 103.191326 0.000854 1.442433 -0.065053 
367 0.440430 0.000000 0.131708 103.157615 0.000383 4.536400 -0.066207 
368 0.202148 0.000000 -0.044425 95.320696 -0.000878 7.108699 0.086343 
369 0.202148 0.000000 -0.103135 95.875077 -0.000759 10.429055 0.069920 
370 0.202148 0.000000 0.014286 103.636900 -0.000425 10.867863 -0.085872 
371 0.202148 0.000000 0.072997 108.648388 -0.000191 12.014013 -0.194881 
372 0.202148 0.000000 0.131708 102.517248 -0.000309 11.522348 -0.064255 
373 -0.006348 0.000000 0.043642 93.697342 -0.000866 16.544450 0.094709 
374 -0.036133 0.000000 0.043642 92.257098 -0.000998 18.212015 0.115695 
375 -0.006348 0.000000 0.072997 93.984581 -0.000854 16.635189 0.089017 
376 3.835938 0.000000 -0.455401 99.577474 0.000000 5.608272 0.005287 
377 3.835938 0.000000 -0.925088 99.431728 0.000000 6.294310 0.007371 
378 4.312500 0.000000 -0.455401 99.658393 0.000000 5.758402 0.003505 
1 7 12 10 11 
2 12 2 13 10 
3 1 17 15 16 
4 17 7 11 15 
5 19 21 3 22 
6 20 19 22 9 
7 11 25 23 24 
8 25 10 26 23 
9 28 20 9 30 
10 29 28 30 4 
11 15 33 31 32 
12 33 11 24 31 
13 35 37 19 38 
14 36 35 38 20 
15 24 41 39 40 
16 41 23 42 39 
17 44 36 20 46 
18 45 44 46 28 
19 31 49 47 48 
20 49 24 40 47 
21 51 53 35 54 
22 52 51 54 36 
23 40 57 55 56 
24 57 39 58 55 
25 60 52 36 62 
26 61 60 62 44 
27 47 65 63 64 
28 65 40 56 63 
29 67 69 51 70 
30 68 67 70 52 
31 56 73 71 72 
32 73 55 74 71 
33 76 68 52 78 
34 77 76 78 60 
35 63 81 79 80 
36 81 56 72 79 
37 83 85 67 86 
38 84 83 86 68 
39 72 89 87 88 
40 89 71 90 87 
41 10 93 92 26 
42 93 13 94 92 
43 92 94 8 95 
44 26 92 95 14 
45 23 97 96 42 
46 97 26 98 96 
47 96 98 14 99 
48 42 96 99 27 
49 39 101 100 58 
50 101 42 102 100 
51 100 102 27 103 
52 55 105 104 74 
53 105 58 106 104 
54 71 109 108 90 
55 109 74 110 108 
56 108 110 59 111 
57 90 108 111 75 
58 112 84 68 114 
59 113 112 114 76 
60 115 117 83 118 
61 116 115 118 84 
62 87 121 119 120 
63 121 90 122 119 
64 119 122 75 123 
65 79 126 124 125 
66 126 72 88 124 
67 88 130 128 129 
68 130 87 120 128 
69 14 95 132 37 
70 95 8 133 132 
71 132 133 21 134 
72 37 132 134 19 
73 27 99 135 53 
74 99 14 136 135 
75 135 136 37 137 
76 53 135 137 35 
77 103 27 139 138 
78 138 139 53 140 
79 69 138 140 51 
80 141 142 69 143 
81 85 141 143 67 
82 75 111 144 117 
83 111 59 145 144 
84 144 145 85 146 
85 117 144 146 83 
86 123 75 149 147 
87 147 149 117 150 
88 148 147 150 115 
89 120 153 151 152 
90 153 119 154 151 
91 151 154 123 155 
92 156 116 84 158 
93 157 156 158 112 
94 159 148 115 161 
95 160 159 161 116 
96 128 164 162 163 
97 164 120 152 162 
98 155 123 168 166 
99 166 168 147 169 
100 167 166 169 148 
101 152 172 170 171 
102 172 151 173 170 
103 170 173 155 174 
104 175 167 148 177 
105 176 175 177 159 
106 162 180 178 179 
107 180 152 171 178 
108 174 155 184 182 
109 182 184 166 185 
110 183 182 185 167 
111 171 188 186 187 
112 188 170 189 186 
113 186 189 174 190 
114 191 183 167 193 
115 192 191 193 175 
116 178 196 194 195 
117 196 171 187 194 
118 195 194 197 181 
119 91 190 198 199 
120 190 174 200 198 
121 198 200 182 201 
122 199 198 201 183 
123 187 204 202 203 
124 204 186 205 202 
125 202 205 190 206 
126 203 202 206 91 
127 124 209 207 208 
128 209 88 129 207 
129 129 213 211 212 
130 213 128 163 211 
131 211 163 131 214 
132 212 211 214 5 
133 163 217 215 216 
134 217 162 179 215 
135 215 179 165 218 
136 216 215 218 131 
137 179 221 219 220 
138 221 178 195 219 
139 219 195 181 222 
140 220 219 222 165 
141 223 160 116 225 
142 224 223 225 156 
143 207 228 226 227 
144 228 129 212 226 
145 230 232 160 233 
146 231 230 233 223 
147 226 236 234 235 
148 236 212 237 234 
149 234 237 5 238 
150 235 234 238 229 
151 16 241 239 240 
152 241 15 32 239 
153 239 32 18 242 
154 240 239 242 6 
155 32 245 243 244 
156 245 31 48 243 
157 243 48 34 246 
158 244 243 246 18 
159 48 249 247 248 
160 249 47 64 247 
161 247 64 50 250 
162 248 247 250 34 
163 64 253 251 252 
164 253 63 80 251 
165 251 80 66 254 
166 252 251 254 50 
167 80 257 255 256 
168 257 79 125 255 
169 255 125 82 258 
170 256 255 258 66 
171 125 261 259 260 
172 261 124 208 259 
173 260 259 262 82 
174 208 265 263 264 
175 265 207 227 263 
176 6 242 267 268 
177 242 18 45 267 
178 267 45 28 269 
179 268 267 269 29 
180 18 246 270 271 
181 246 34 61 270 
182 270 61 44 272 
183 271 270 272 45 
184 34 250 273 274 
185 250 50 77 273 
186 273 77 60 275 
187 274 273 275 61 
188 50 254 276 277 
189 254 66 113 276 
190 276 113 76 278 
191 277 276 278 77 
192 66 258 279 280 
193 258 82 157 279 
194 279 157 112 281 
195 280 279 281 113 
196 82 262 282 283 
197 282 224 156 284 
198 283 282 284 157 
199 259 287 285 286 
200 287 208 264 285 
201 286 285 288 262 
202 289 231 223 291 
203 290 289 291 224 
204 264 294 292 293 
205 294 263 295 292 
206 292 295 266 296 
207 262 288 297 298 
208 297 290 224 299 
209 298 297 299 282 
210 285 302 300 301 
211 302 264 293 300 
212 301 300 303 288 
213 296 266 306 304 
214 304 306 289 307 
215 305 304 307 290 
216 293 310 308 309 
217 310 292 311 308 
218 308 311 296 312 
219 309 308 312 127 
220 288 303 313 314 
221 313 305 290 315 
222 314 313 315 297 
223 300 318 316 317 
224 318 293 309 316 
225 316 309 127 319 
226 317 316 319 303 
227 127 312 320 321 
228 312 296 322 320 
229 320 322 304 323 
230 321 320 323 305 
231 210 326 324 325 
232 326 229 327 324 
233 324 327 230 328 
234 325 324 328 231 
235 5 214 329 232 
236 214 131 176 329 
237 329 176 159 330 
238 232 329 330 160 
239 131 218 331 332 
240 218 165 192 331 
241 331 192 175 333 
242 332 331 333 176 
243 165 222 334 335 
244 222 181 336 334 
245 334 336 191 337 
246 335 334 337 192 
247 181 197 338 336 
248 197 91 199 338 
249 338 199 183 339 
250 336 338 339 191 
251 194 342 340 341 
252 342 187 203 340 
253 340 203 91 343 
254 341 340 343 197 
255 59 345 344 145 
256 345 107 346 344 
257 344 346 141 347 
258 145 344 347 85 
259 43 349 348 142 
260 349 103 350 348 
261 348 350 138 351 
262 142 348 351 69 
263 107 353 352 346 
264 353 43 354 352 
265 352 354 142 355 
266 346 352 355 141 
267 58 357 356 106 
268 357 100 358 356 
269 356 358 103 349 
270 106 356 349 43 
271 74 360 359 110 
272 360 104 361 359 
273 359 361 107 345 
274 110 359 345 59 
275 227 364 362 363 
276 364 226 235 362 
277 362 235 229 326 
278 363 362 326 210 
279 229 238 365 327 
280 238 5 366 365 
281 365 366 232 367 
282 327 365 367 230 
283 263 369 368 295 
284 369 227 363 368 
285 368 363 210 370 
286 295 368 370 266 
287 266 370 371 306 
288 370 210 325 371 
289 371 325 231 372 
290 306 371 372 289 
291 303 319 373 374 
292 319 127 321 373 
293 373 321 305 375 
294 374 373 375 313 
295 104 377 376 361 
296 377 106 378 376 
297 376 378 43 353 
298 361 376 353 107 
