2 0.000000 100.000000 747.808936
385 304 
1 -30.000000 0.000000 -30.045681 99.614710 -0.000000 8.716563 0.000093 
2 31.000000 0.000000 -30.045681 99.616241 0.000000 8.690202 0.000108 
3 31.000000 0.000000 30.074253 99.627065 0.000000 8.679863 -0.000089 
4 -30.000000 0.000000 30.074253 99.624879 0.000000 8.716413 -0.000109 
5 0.500000 0.000000 0.014286 101.111445 0.000555 1.965604 -0.022739 
6 -30.000000 0.000000 0.014286 99.619807 0.000000 8.722715 -0.000019 
7 0.500000 0.000000 -30.045681 99.606180 0.000000 8.702042 0.000288 
8 31.000000 0.000000 0.014286 99.786818 -0.000000 6.785705 -0.000345 
9 0.500000 0.000000 30.074253 99.635418 0.000000 8.699738 -0.000290 
10 15.750000 0.000000 -15.015697 99.606602 -0.000000 8.615664 0.000430 
11 0.500000 0.000000 -15.015697 99.567208 -0.000000 8.661643 0.001135 
12 15.750000 0.000000 -30.045681 99.610863 0.000000 8.691959 0.000213 
13 31.000000 0.000000 -15.015697 99.621160 0.000000 8.628281 0.000118 
14 15.750000 0.000000 0.014286 99.893787 -0.000000 5.500113 -0.000902 
15 -14.750000 0.000000 -15.015697 99.600188 0.000000 8.719211 0.000378 
16 -30.000000 0.000000 -15.015697 99.614745 0.000000 8.719820 0.000087 
17 -14.750000 0.000000 -30.045681 99.609740 0.000000 8.713063 0.000198 
18 -14.750000 0.000000 0.014286 99.619744 0.000000 8.744359 -0.000056 
19 15.750000 0.000000 15.044270 99.648911 0.000000 8.577467 -0.000348 
20 0.500000 0.000000 15.044270 99.682626 0.000000 8.653418 -0.001151 
21 31.000000 0.000000 15.044270 99.637861 0.000000 8.549565 -0.000080 
22 15.750000 0.000000 30.074253 99.631765 0.000000 8.686153 -0.000194 
23 8.125000 0.000000 -7.500705 99.567893 0.000000 8.342485 0.001664 
24 0.500000 0.000000 -7.500705 99.421122 0.000000 8.509361 0.004303 
25 8.125000 0.000000 -15.015697 99.585615 -0.000000 8.622646 0.000836 
26 15.750000 0.000000 -7.500705 99.624532 0.000000 8.385486 0.000464 
27 8.125000 0.000000 0.014286 99.938289 -0.000000 4.677826 -0.000954 
28 -14.750000 0.000000 15.044270 99.641035 0.000000 8.719186 -0.000436 
29 -30.000000 0.000000 15.044270 99.624933 -0.000000 8.719799 -0.000116 
30 -14.750000 0.000000 30.074253 99.630576 0.000000 8.712496 -0.000216 
31 -7.125000 0.000000 -7.500705 99.541549 0.000000 8.728001 0.001530 
32 -14.750000 0.000000 -7.500705 99.599842 -0.000000 8.732198 0.000362 
33 -7.125000 0.000000 -15.015697 99.580597 0.000000 8.704920 0.000793 
34 -7.125000 0.000000 0.014286 99.613098 0.000000 8.831164 -0.000076 
35 8.125000 0.000000 7.529278 99.727370 0.000000 8.221985 -0.001315 
36 0.500000 0.000000 7.529278 99.861616 0.000000 8.484527 -0.004433 
37 15.750000 0.000000 7.529278 99.684197 0.000000 8.139472 -0.000319 
38 8.125000 0.000000 15.044270 99.667535 0.000000 8.600950 -0.000759 
39 4.312500 0.000000 -3.743210 99.414488 0.000000 7.541679 0.005988 
40 0.500000 0.000000 -3.743210 98.954908 0.000000 8.062746 0.014292 
41 4.312500 0.000000 -7.500705 99.490075 0.000000 8.368464 0.003169 
42 8.125000 0.000000 -3.743210 99.619799 -0.000000 7.643533 0.001747 
43 4.312500 0.000000 0.014286 99.847803 0.000000 4.144893 0.001324 
44 -7.125000 0.000000 7.529278 99.704248 0.000000 8.732227 -0.001719 
45 -14.750000 0.000000 7.529278 99.640867 -0.000000 8.732978 -0.000457 
46 -7.125000 0.000000 15.044270 99.663779 0.000000 8.703741 -0.000862 
47 -3.312500 0.000000 -3.743210 99.315990 0.000000 8.752701 0.005972 
48 -7.125000 0.000000 -3.743210 99.537207 0.000000 8.779135 0.001527 
49 -3.312500 0.000000 -7.500705 99.467621 -0.000000 8.671015 0.003101 
50 -3.312500 0.000000 0.014286 99.556378 0.000000 9.163288 0.000456 
51 4.312500 0.000000 3.771782 99.964027 0.000000 7.283684 -0.004586 
52 0.500000 0.000000 3.771782 100.457357 -0.000000 8.007628 -0.015580 
53 8.125000 0.000000 3.771782 99.803469 0.000000 7.158664 -0.001198 
54 4.312500 0.000000 7.529278 99.799322 0.000000 8.298690 -0.002877 
55 2.406250 0.000000 -1.864462 98.894985 -0.000000 6.134970 0.018214 
56 0.500000 0.000000 -1.864462 97.843243 0.000000 7.216677 0.037462 
57 2.406250 0.000000 -3.743210 99.164561 0.000000 7.649052 0.010788 
58 4.312500 0.000000 -1.864462 99.490530 -0.000000 6.226566 0.006286 
59 2.406250 0.000000 0.014286 99.500317 0.000000 3.301362 0.008879 
60 -3.312500 0.000000 3.771782 99.937313 0.000000 8.797515 -0.006486 
61 -7.125000 0.000000 3.771782 99.700472 -0.000000 8.788573 -0.001742 
62 -3.312500 0.000000 7.529278 99.792623 -0.000000 8.674089 -0.003381 
63 -1.406250 0.000000 -1.864462 98.588770 0.000000 8.835905 0.020218 
64 -3.312500 0.000000 -1.864462 99.287480 -0.000000 8.944863 0.006199 
65 -1.406250 0.000000 -3.743210 99.073714 -0.000000 8.548840 0.011132 
66 -1.406250 0.000000 0.014286 99.270479 0.000000 10.348207 0.003829 
67 2.406250 0.000000 1.893034 100.521123 0.000000 5.711011 -0.013711 
68 0.500000 0.000000 1.893034 102.024550 0.000000 7.103774 -0.045947 
69 4.312500 0.000000 1.893034 100.006810 0.000000 5.776999 -0.003474 
70 2.406250 0.000000 3.771782 100.220822 0.000000 7.463302 -0.009991 
71 1.453125 0.000000 -0.925088 97.754806 -0.000000 4.671097 0.042218 
72 0.500000 0.000000 -0.925088 96.252730 -0.000000 6.164622 0.069741 
73 1.453125 0.000000 -1.864462 98.308649 -0.000000 6.399927 0.029445 
74 2.406250 0.000000 -0.925088 98.930810 -0.000000 4.682498 0.019077 
75 1.453125 0.000000 0.014286 86.137012 0.001935 -4.513730 0.256004 
76 -1.406250 0.000000 1.893034 100.681298 0.000000 9.118220 -0.021987 
77 -3.312500 0.000000 1.893034 99.902857 -0.000000 9.019745 -0.006194 
78 -1.406250 0.000000 3.771782 100.249328 0.000000 8.604769 -0.012397 
79 -0.453125 0.000000 -0.925088 96.742601 -0.000000 8.946439 0.056083 
80 -1.406250 0.000000 -0.925088 98.434335 -0.000000 9.498203 0.022047 
81 -0.453125 0.000000 -1.864462 97.991194 -0.000000 8.266633 0.032939 
82 -0.453125 0.000000 0.014286 64.075479 -0.001317 29.696594 0.501245 
83 1.453125 0.000000 0.953660 101.587615 0.000000 3.523723 -0.033246 
84 0.500000 0.000000 0.953660 105.097360 0.000000 5.700778 -0.107795 
85 2.406250 0.000000 0.953660 100.292403 0.000000 4.212716 -0.007631 
86 1.453125 0.000000 1.893034 101.276190 0.000000 5.936127 -0.029210 
87 0.976562 0.000000 -0.455401 92.598028 0.001378 -2.429258 0.141970 
88 0.500000 0.000000 -0.455401 95.167075 -0.000724 3.575582 0.093044 
89 0.976562 0.000000 -0.925088 96.925315 -0.000000 5.181265 0.057864 
90 1.453125 0.000000 -0.455401 97.606769 0.000000 3.193937 0.046272 
91 0.976562 0.000000 0.014286 90.297938 0.001704 -7.751787 0.178619 
92 23.375000 0.000000 -7.500705 99.635183 -0.000000 8.431055 0.000175 
93 23.375000 0.000000 -15.015697 99.616847 -0.000000 8.621086 0.000216 
94 31.000000 0.000000 -7.500705 99.636736 -0.000000 8.467294 0.000083 
95 23.375000 0.000000 0.014286 99.835526 -0.000000 6.213937 -0.000575 
96 11.937500 0.000000 -3.743210 99.664955 0.000000 7.769484 0.000653 
97 11.937500 0.000000 -7.500705 99.607397 0.000000 8.360195 0.000847 
98 15.750000 0.000000 -3.743210 99.674869 0.000000 7.873353 0.000293 
99 11.937500 0.000000 0.014286 99.922071 -0.000000 5.101387 -0.001044 
100 6.218750 0.000000 -1.864462 99.669273 -0.000000 6.427634 0.002472 
101 6.218750 0.000000 -3.743210 99.554165 -0.000000 7.577993 0.003154 
102 8.125000 0.000000 -1.864462 99.728881 0.000000 6.613427 0.001041 
103 6.218750 0.000000 0.014286 99.925239 -0.000000 4.432523 -0.000470 
104 3.359375 0.000000 -0.925088 99.418061 -0.000000 4.945454 0.009159 
105 3.359375 0.000000 -1.864462 99.275362 -0.000000 6.136419 0.010675 
106 4.312500 0.000000 -0.925088 99.635816 -0.000000 5.162257 0.004606 
107 3.359375 0.000000 0.014286 99.731870 -0.000000 3.884296 0.003847 
108 1.929688 0.000000 -0.455401 98.631615 0.000000 3.503323 0.025953 
109 1.929688 0.000000 -0.925088 98.458941 -0.000000 4.578491 0.028487 
110 2.406250 0.000000 -0.455401 99.128000 -0.000000 3.853458 0.015879 
111 1.929688 0.000000 0.014286 99.240611 0.000000 2.672141 0.014416 
112 -0.453125 0.000000 0.953660 102.761083 -0.000000 10.259899 -0.066511 
113 -1.406250 0.000000 0.953660 100.508450 -0.000000 9.920279 -0.020036 
114 -0.453125 0.000000 1.893034 101.592106 0.000000 8.594050 -0.039481 
115 0.976562 0.000000 0.483973 95.506864 0.002005 -6.640434 0.083434 
116 0.500000 0.000000 0.483973 120.621215 0.001683 -3.479536 -0.456158 
117 1.453125 0.000000 0.483973 100.756371 0.000000 1.732235 -0.015485 
118 0.976562 0.000000 0.953660 103.298717 0.000000 3.734548 -0.068457 
119 1.214844 0.000000 -0.220557 93.244231 0.001694 -4.461484 0.128561 
120 0.976562 0.000000 -0.220557 96.027429 0.001510 -3.616534 0.076565 
121 1.214844 0.000000 -0.455401 81.236268 0.001944 -4.229634 0.338278 
122 1.453125 0.000000 -0.220557 76.486506 0.001692 -3.977900 0.413399 
123 1.214844 0.000000 0.014286 94.409860 0.001691 -4.462921 0.106686 
124 0.023438 0.000000 -0.455401 81.080232 -0.001253 15.311953 0.319154 
125 -0.453125 0.000000 -0.455401 95.822011 -0.000000 10.600714 0.070577 
126 0.023438 0.000000 -0.925088 96.029228 -0.000000 7.611390 0.072045 
127 0.023438 0.000000 0.014286 106.969008 -0.000433 43.856991 -0.336580 
128 0.738281 0.000000 -0.220557 98.846140 0.001245 -3.047073 0.022016 
129 0.500000 0.000000 -0.220557 103.634653 0.000496 -0.560237 -0.074046 
130 0.738281 0.000000 -0.455401 96.936488 0.001326 -2.689126 0.059609 
131 0.738281 0.000000 0.014286 101.918576 0.001486 -3.811580 -0.040192 
132 23.375000 0.000000 7.529278 99.683555 0.000000 8.034098 -0.000136 
133 31.000000 0.000000 7.529278 99.693409 0.000000 7.890450 -0.000103 
134 23.375000 0.000000 15.044270 99.640601 -0.000000 8.563681 -0.000159 
135 11.937500 0.000000 3.771782 99.784687 0.000000 6.996223 -0.000593 
136 15.750000 0.000000 3.771782 99.793823 0.000000 6.787713 -0.000488 
137 11.937500 0.000000 7.529278 99.695362 0.000000 8.180770 -0.000609 
138 6.218750 0.000000 1.893034 99.917872 0.000000 5.740687 -0.001654 
139 8.125000 0.000000 1.893034 99.901252 0.000000 5.641842 -0.001209 
140 6.218750 0.000000 3.771782 99.847929 0.000000 7.220277 -0.002174 
141 3.359375 0.000000 0.953660 100.026046 0.000000 4.593268 -0.002631 
142 4.312500 0.000000 0.953660 99.962926 0.000000 4.738145 -0.001504 
143 3.359375 0.000000 1.893034 100.158969 0.000000 5.741734 -0.006479 
144 1.929688 0.000000 0.483973 100.116641 0.000000 2.928152 -0.003192 
145 2.406250 0.000000 0.483973 99.944880 0.000000 3.536936 -0.000149 
146 1.929688 0.000000 0.953660 100.701470 0.000000 3.872128 -0.015578 
147 1.214844 0.000000 0.249130 93.413193 0.001712 -4.698971 0.125190 
148 0.976562 0.000000 0.249130 97.463743 0.001670 -4.657724 0.047912 
149 1.453125 0.000000 0.249130 76.486506 0.001692 -3.977900 0.413399 
150 1.214844 0.000000 0.483973 101.707485 0.000000 0.796179 -0.034505 
151 1.095703 0.000000 -0.103135 95.534705 0.001635 -4.183888 0.085562 
152 0.976562 0.000000 -0.103135 96.774392 0.001548 -3.918106 0.061937 
153 1.095703 0.000000 -0.220557 94.653669 0.001666 -4.277196 0.102239 
154 1.214844 0.000000 -0.103135 93.300616 0.001582 -3.785084 0.128067 
155 1.095703 0.000000 0.014286 95.525359 0.001649 -4.301986 0.085640 
156 0.023438 0.000000 0.483973 94.397127 -0.000594 26.166879 0.040448 
157 -0.453125 0.000000 0.483973 102.369893 0.000000 12.895937 -0.064590 
158 0.023438 0.000000 0.953660 104.785228 0.000000 8.785229 -0.105712 
159 0.738281 0.000000 0.249130 100.708720 0.001397 -3.519090 -0.015463 
160 0.500000 0.000000 0.249130 106.562413 0.000666 1.965137 -0.135941 
161 0.738281 0.000000 0.483973 105.972931 0.001855 -7.228194 -0.128251 
162 0.857422 0.000000 -0.103135 98.260001 0.001419 -3.527708 0.033253 
163 0.738281 0.000000 -0.103135 99.434362 0.001113 -1.924619 0.010910 
164 0.857422 0.000000 -0.220557 97.420605 0.001402 -3.399248 0.049767 
165 0.857422 0.000000 0.014286 99.696352 0.001528 -4.867664 0.003694 
166 1.095703 0.000000 0.131708 95.738706 0.001657 -4.402599 0.081472 
167 0.976562 0.000000 0.131708 97.063442 0.001580 -4.213668 0.056093 
168 1.214844 0.000000 0.131708 94.477706 0.001813 -5.255568 0.104634 
169 1.095703 0.000000 0.249130 94.931644 0.001701 -4.628467 0.096656 
170 1.036133 0.000000 -0.044425 95.657899 0.001638 -4.227554 0.083169 
171 0.976562 0.000000 -0.044425 96.758042 0.001559 -3.999481 0.062189 
172 1.036133 0.000000 -0.103135 95.683650 0.001629 -4.159586 0.082734 
173 1.095703 0.000000 -0.044425 95.500645 0.001642 -4.241819 0.086163 
174 1.036133 0.000000 0.014286 95.691307 0.001645 -4.299638 0.082469 
175 0.857422 0.000000 0.131708 98.638376 0.001465 -3.887113 0.025536 
176 0.738281 0.000000 0.131708 100.349864 0.001310 -3.323047 -0.008114 
177 0.857422 0.000000 0.249130 99.026926 0.001551 -4.202265 0.017601 
178 0.916992 0.000000 -0.044425 96.668542 0.001285 -1.800295 0.065195 
179 0.857422 0.000000 -0.044425 97.289523 0.001017 -0.276959 0.053467 
180 0.916992 0.000000 -0.103135 97.114528 0.001533 -3.868441 0.055380 
181 0.916992 0.000000 0.014286 98.082442 0.001541 -5.973051 0.034416 
182 1.036133 0.000000 0.072997 95.783476 0.001652 -4.366170 0.080646 
183 0.976562 0.000000 0.072997 96.913163 0.001576 -4.158461 0.059055 
184 1.095703 0.000000 0.072997 95.609625 0.001654 -4.357496 0.083981 
185 1.036133 0.000000 0.131708 95.917192 0.001656 -4.419107 0.078036 
186 1.006348 0.000000 -0.015069 95.785769 0.001556 -3.900786 0.080987 
187 0.976562 0.000000 -0.015069 93.391629 0.002135 -3.125232 0.126824 
188 1.006348 0.000000 -0.044425 95.773946 0.001551 -3.859801 0.081245 
189 1.036133 0.000000 -0.015069 95.666789 0.001642 -4.263668 0.082969 
190 1.006348 0.000000 0.014286 96.650848 0.001573 -4.092313 0.064187 
191 0.916992 0.000000 0.072997 97.301647 0.001567 -4.142989 0.051523 
192 0.857422 0.000000 0.072997 99.892547 0.001716 -5.765881 -0.001177 
193 0.916992 0.000000 0.131708 97.435200 0.001573 -4.207907 0.048868 
194 0.946777 0.000000 -0.015069 95.072782 0.001756 -0.724923 0.096064 
195 0.916992 0.000000 -0.015069 97.106505 0.001349 -2.813011 0.056241 
196 0.946777 0.000000 -0.044425 96.932105 0.001553 -3.981059 0.058832 
197 0.946777 0.000000 0.014286 95.752218 0.001789 -6.512645 0.078910 
198 1.006348 0.000000 0.043642 96.696641 0.001577 -4.128430 0.063272 
199 0.976562 0.000000 0.043642 96.852307 0.001573 -4.123089 0.060263 
200 1.036133 0.000000 0.043642 95.730805 0.001649 -4.334192 0.081683 
201 1.006348 0.000000 0.072997 96.797101 0.001660 -4.513844 0.060995 
202 0.991455 0.000000 -0.000391 78.585942 0.002063 -0.554660 0.382394 
203 0.976562 0.000000 -0.000391 87.275395 0.002034 -3.906006 0.236775 
204 0.991455 0.000000 -0.015069 85.534357 0.001933 -1.916161 0.268020 
205 1.006348 0.000000 -0.000391 85.058279 0.001643 -3.995792 0.274912 
206 0.991455 0.000000 0.014286 85.581141 0.001569 -6.407364 0.263481 
207 0.261719 0.000000 -0.220557 97.470384 -0.000317 8.781151 0.042242 
208 0.023438 0.000000 -0.220557 92.417331 -0.000821 13.467532 0.127766 
209 0.261719 0.000000 -0.455401 82.694283 -0.001408 -6.447372 0.312009 
210 0.261719 0.000000 0.014286 102.502578 -0.000284 7.191648 -0.055850 
211 0.619141 0.000000 -0.103135 100.267152 0.000770 -0.885933 -0.005429 
212 0.500000 0.000000 -0.103135 98.011540 0.000322 3.601241 0.038077 
213 0.619141 0.000000 -0.220557 101.164203 0.001027 -2.018035 -0.023827 
214 0.619141 0.000000 0.014286 103.425766 0.001097 -2.088399 -0.070125 
215 0.797852 0.000000 -0.044425 97.739550 0.000932 -0.385198 0.044683 
216 0.738281 0.000000 -0.044425 99.450717 0.001001 -0.913994 0.010872 
217 0.797852 0.000000 -0.103135 98.590607 0.001311 -3.293051 0.026905 
218 0.797852 0.000000 0.014286 100.485691 0.001507 -4.270865 -0.011561 
219 0.887207 0.000000 -0.015069 96.624748 0.000768 1.835946 0.066029 
220 0.857422 0.000000 -0.015069 98.696789 0.001279 -2.724025 0.025152 
221 0.887207 0.000000 -0.044425 96.537778 0.001041 -0.289808 0.068037 
222 0.887207 0.000000 0.014286 101.046364 0.001883 -9.145001 -0.029400 
223 0.261719 0.000000 0.249130 99.705971 -0.000197 9.635925 -0.003413 
224 0.023438 0.000000 0.249130 95.848068 -0.000614 14.514277 0.060248 
225 0.261719 0.000000 0.483973 125.616270 0.000553 18.164740 -0.610940 
226 0.380859 0.000000 -0.103135 98.780195 -0.000131 5.736738 0.020956 
227 0.261719 0.000000 -0.103135 97.338046 -0.000480 7.308357 0.047189 
228 0.380859 0.000000 -0.220557 98.842085 -0.000086 6.997926 0.018127 
229 0.380859 0.000000 0.014286 102.635248 0.000075 4.503427 -0.055427 
230 0.380859 0.000000 0.131708 104.379978 0.000276 4.751342 -0.091776 
231 0.261719 0.000000 0.131708 104.587587 -0.000076 8.536275 -0.101143 
232 0.500000 0.000000 0.131708 101.980340 0.000728 1.621055 -0.040262 
233 0.380859 0.000000 0.249130 100.584387 0.000034 7.293841 -0.017042 
234 0.440430 0.000000 -0.044425 97.079145 -0.000346 4.463532 0.055572 
235 0.380859 0.000000 -0.044425 98.763085 -0.000179 5.543728 0.021512 
236 0.440430 0.000000 -0.103135 99.333075 0.000077 4.959769 0.010834 
237 0.500000 0.000000 -0.044425 98.071527 0.000278 3.670706 0.036850 
238 0.440430 0.000000 0.014286 101.682287 0.000310 3.392695 -0.035080 
239 -22.375000 0.000000 -7.500705 99.612782 -0.000000 8.725533 0.000116 
240 -30.000000 0.000000 -7.500705 99.616586 0.000000 8.721801 0.000047 
241 -22.375000 0.000000 -15.015697 99.610279 0.000000 8.720706 0.000174 
242 -22.375000 0.000000 0.014286 99.619906 -0.000000 8.728308 -0.000031 
243 -10.937500 0.000000 -3.743210 99.590704 -0.000000 8.754781 0.000505 
244 -14.750000 0.000000 -3.743210 99.606918 -0.000000 8.740333 0.000207 
245 -10.937500 0.000000 -7.500705 99.581643 -0.000000 8.735199 0.000719 
246 -10.937500 0.000000 0.014286 99.618763 0.000000 8.766896 -0.000076 
247 -5.218750 0.000000 -1.864462 99.488813 -0.000000 8.878828 0.002314 
248 -7.125000 0.000000 -1.864462 99.563137 0.000000 8.812691 0.000952 
249 -5.218750 0.000000 -3.743210 99.464807 -0.000000 8.787965 0.002952 
250 -5.218750 0.000000 0.014286 99.600298 0.000000 8.927771 0.000008 
251 -2.359375 0.000000 -0.925088 99.121794 0.000000 9.255795 0.008920 
252 -3.312500 0.000000 -0.925088 99.374233 0.000000 9.078887 0.004234 
253 -2.359375 0.000000 -1.864462 99.037026 0.000000 8.961798 0.011135 
254 -2.359375 0.000000 0.014286 99.486459 0.000000 9.486923 0.001244 
255 -0.929688 0.000000 -0.455401 97.845945 -0.000000 10.456275 0.031684 
256 -1.406250 0.000000 -0.455401 98.678869 0.000000 9.984458 0.016279 
257 -0.929688 0.000000 -0.925088 97.735290 -0.000000 9.469562 0.035814 
258 -0.929688 0.000000 0.014286 98.939178 -0.000000 11.433533 0.008031 
259 -0.214844 0.000000 -0.220557 86.695136 -0.001029 18.413499 0.214490 
260 -0.453125 0.000000 -0.220557 43.786801 -0.001444 35.918434 0.679258 
261 -0.214844 0.000000 -0.455401 51.915211 -0.001881 -2.902394 0.729639 
262 -0.214844 0.000000 0.014286 89.650279 -0.000924 17.594701 0.165325 
263 0.142578 0.000000 -0.103135 95.451025 -0.000647 8.951594 0.080897 
264 0.023438 0.000000 -0.103135 93.421227 -0.000715 13.224387 0.109759 
265 0.142578 0.000000 -0.220557 94.825018 -0.000658 11.502648 0.087591 
266 0.142578 0.000000 0.014286 100.791057 -0.000510 10.721614 -0.027379 
267 -22.375000 0.000000 7.529278 99.627190 -0.000000 8.725670 -0.000171 
268 -30.000000 0.000000 7.529278 99.623056 0.000000 8.721820 -0.000082 
269 -22.375000 0.000000 15.044270 99.629840 0.000000 8.720707 -0.000216 
270 -10.937500 0.000000 3.771782 99.648648 0.000000 8.757084 -0.000654 
271 -14.750000 0.000000 3.771782 99.633005 0.000000 8.741044 -0.000314 
272 -10.937500 0.000000 7.529278 99.660188 0.000000 8.737110 -0.000849 
273 -5.218750 0.000000 1.893034 99.726130 0.000000 8.901523 -0.002454 
274 -7.125000 0.000000 1.893034 99.666970 -0.000000 8.820112 -0.001130 
275 -5.218750 0.000000 3.771782 99.773393 0.000000 8.808812 -0.003233 
276 -2.359375 0.000000 0.953660 99.936987 0.000000 9.396445 -0.007569 
277 -3.312500 0.000000 0.953660 99.764512 0.000000 9.134704 -0.003640 
278 -2.359375 0.000000 1.893034 100.151594 0.000000 9.111594 -0.011336 
279 -0.929688 0.000000 0.483973 100.516380 0.000000 11.227145 -0.022959 
280 -1.406250 0.000000 0.483973 100.003085 0.000000 10.303754 -0.010678 
281 -0.929688 0.000000 0.953660 101.269688 0.000000 10.258695 -0.036079 
282 -0.214844 0.000000 0.249130 88.386954 -0.000971 19.984423 0.178837 
283 -0.453125 0.000000 0.249130 50.535708 -0.001086 62.516846 0.353779 
284 -0.214844 0.000000 0.483973 99.871181 -0.000408 71.853163 -0.513713 
285 -0.095703 0.000000 -0.103135 91.279658 -0.000845 15.199939 0.143699 
286 -0.214844 0.000000 -0.103135 87.128830 -0.001031 17.826999 0.209077 
287 -0.095703 0.000000 -0.220557 89.965208 -0.000942 15.406827 0.166889 
288 -0.095703 0.000000 0.014286 91.688435 -0.000826 15.901226 0.134038 
289 0.142578 0.000000 0.131708 101.517111 -0.000379 12.767497 -0.046873 
290 0.023438 0.000000 0.131708 95.016283 -0.000649 14.309489 0.076714 
291 0.142578 0.000000 0.249130 98.012808 -0.000422 12.120920 0.024657 
292 0.083008 0.000000 -0.044425 90.451977 -0.001168 0.454227 0.181823 
293 0.023438 0.000000 -0.044425 82.121570 -0.001328 -2.618789 0.324919 
294 0.083008 0.000000 -0.103135 94.229503 -0.000693 12.674881 0.096015 
295 0.142578 0.000000 -0.044425 94.289227 -0.000907 3.878220 0.109450 
296 0.083008 0.000000 0.014286 102.410771 -0.000518 16.976562 -0.077617 
297 -0.095703 0.000000 0.131708 92.637858 -0.000794 16.217388 0.115522 
298 -0.214844 0.000000 0.131708 90.096147 -0.000887 18.912440 0.152500 
299 -0.095703 0.000000 0.249130 93.493785 -0.000759 16.702114 0.097995 
300 -0.036133 0.000000 -0.044425 91.824599 -0.000831 15.273636 0.133496 
301 -0.095703 0.000000 -0.044425 91.393807 -0.000838 15.571867 0.140469 
302 -0.036133 0.000000 -0.103135 91.659968 -0.000840 14.876479 0.137714 
303 -0.036133 0.000000 0.014286 92.175384 -0.000817 15.641375 0.125905 
304 0.083008 0.000000 0.072997 106.407252 -0.000431 18.926826 -0.168073 
305 0.023438 0.000000 0.072997 94.499704 -0.000671 14.212095 0.086782 
306 0.142578 0.000000 0.072997 111.665870 -0.000207 16.027232 -0.272614 
307 0.083008 0.000000 0.131708 95.892056 -0.000621 13.748707 0.061569 
308 0.053223 0.000000 -0.015069 88.933608 -0.001207 -0.036259 0.209081 
309 0.023438 0.000000 -0.015069 72.471766 -0.001706 -12.402966 0.459401 
310 0.053223 0.000000 -0.044425 88.093129 -0.001279 -1.877216 0.223608 
311 0.083008 0.000000 -0.015069 90.884075 -0.001095 2.369162 0.173447 
312 0.053223 0.000000 0.014286 104.594391 -0.000497 23.711027 -0.150220 
313 -0.036133 0.000000 0.072997 92.663458 -0.000800 15.903602 0.116056 
314 -0.095703 0.000000 0.072997 92.128427 -0.000811 16.126563 0.125229 
315 -0.036133 0.000000 0.131708 93.197353 -0.000781 16.019752 0.105762 
316 -0.006348 0.000000 -0.015069 53.946829 -0.001284 5.288456 0.706177 
317 -0.036133 0.000000 -0.015069 91.978276 -0.000825 15.466275 0.130079 
318 -0.006348 0.000000 -0.044425 93.254634 -0.000715 13.853450 0.111166 
319 -0.006348 0.000000 0.014286 69.167712 -0.000856 50.634037 0.265202 
320 0.053223 0.000000 0.043642 118.147009 -0.000247 35.509941 -0.521967 
321 0.023438 0.000000 0.043642 106.900176 -0.000440 37.883972 -0.286284 
322 0.083008 0.000000 0.043642 113.317185 -0.000311 24.981572 -0.346486 
323 0.053223 0.000000 0.072997 107.270605 -0.000431 23.340581 -0.205177 
324 0.321289 0.000000 0.072997 113.028724 0.000364 4.042285 -0.279183 
325 0.261719 0.000000 0.072997 107.627341 -0.000017 8.287721 -0.165233 
326 0.321289 0.000000 0.014286 101.775460 -0.000108 6.266456 -0.039751 
327 0.380859 0.000000 0.072997 105.545147 0.000322 4.153019 -0.115703 
328 0.321289 0.000000 0.131708 103.276117 0.000054 6.816693 -0.071242 
329 0.619141 0.000000 0.131708 104.941813 0.001361 -3.257489 -0.102340 
330 0.619141 0.000000 0.249130 102.125070 0.001125 -2.498923 -0.043577 
331 0.797852 0.000000 0.072997 101.618786 0.001907 -6.859018 -0.037342 
332 0.738281 0.000000 0.072997 103.389324 0.001860 -6.322988 -0.072933 
333 0.797852 0.000000 0.131708 99.135159 0.001445 -3.828993 0.015756 
334 0.887207 0.000000 0.043642 100.087477 0.001747 -6.915247 -0.006532 
335 0.857422 0.000000 0.043642 100.561904 0.001780 -6.949171 -0.016099 
336 0.916992 0.000000 0.043642 99.092844 0.001830 -8.975954 0.010004 
337 0.887207 0.000000 0.072997 99.191125 0.001647 -5.936159 0.012588 
338 0.946777 0.000000 0.043642 97.849014 0.001667 -7.337386 0.037173 
339 0.946777 0.000000 0.072997 97.095833 0.001572 -4.152618 0.055515 
340 0.961670 0.000000 -0.000391 92.803509 0.002206 -3.182445 0.137738 
341 0.946777 0.000000 -0.000391 94.957545 0.001741 -3.926179 0.096765 
342 0.961670 0.000000 -0.015069 93.939208 0.001998 -2.880732 0.116713 
343 0.961670 0.000000 0.014286 94.276315 0.001840 -6.723206 0.106677 
344 1.691406 0.000000 -0.220557 98.479789 0.000000 2.631182 0.029481 
345 1.691406 0.000000 -0.455401 98.213383 0.000000 3.319240 0.034311 
346 1.929688 0.000000 -0.220557 98.874770 0.000000 2.996105 0.021480 
347 1.691406 0.000000 0.014286 98.992214 0.000000 2.146364 0.019593 
348 5.265625 0.000000 0.953660 99.951295 0.000000 4.773531 -0.001305 
349 5.265625 0.000000 0.014286 99.902360 0.000000 4.312065 0.000092 
350 6.218750 0.000000 0.953660 99.953559 0.000000 4.746251 -0.001324 
351 5.265625 0.000000 1.893034 99.942904 0.000000 5.776711 -0.002195 
352 3.835938 0.000000 0.483973 99.903063 -0.000000 4.202961 0.000171 
353 3.359375 0.000000 0.483973 99.893726 -0.000000 4.081606 0.000458 
354 3.835938 0.000000 0.014286 99.798074 0.000000 4.033713 0.002407 
355 4.312500 0.000000 0.483973 99.919031 -0.000000 4.275223 -0.000209 
356 3.835938 0.000000 0.953660 99.982633 0.000000 4.685005 -0.001848 
357 2.882812 0.000000 0.483973 99.900492 0.000000 3.862956 0.000497 
358 2.882812 0.000000 0.014286 99.638677 -0.000000 3.643671 0.005886 
359 2.882812 0.000000 0.953660 100.117053 0.000000 4.446166 -0.004319 
360 5.265625 0.000000 -0.925088 99.738399 -0.000000 5.337794 0.002376 
361 5.265625 0.000000 -1.864462 99.607864 -0.000000 6.332583 0.003817 
362 6.218750 0.000000 -0.925088 99.784997 -0.000000 5.472411 0.001301 
363 2.882812 0.000000 -0.455401 99.390909 -0.000000 4.104215 0.010460 
364 2.882812 0.000000 -0.925088 99.224685 -0.000000 4.818467 0.013124 
365 3.359375 0.000000 -0.455401 99.559171 -0.000000 4.315842 0.006934 
366 1.691406 0.000000 0.249130 99.675116 -0.000000 2.087059 0.006052 
367 1.929688 0.000000 0.249130 99.683447 -0.000000 2.661125 0.005613 
368 1.691406 0.000000 0.483973 100.325444 0.000000 2.436676 -0.007113 
369 0.321289 0.000000 -0.044425 97.343998 -0.000551 5.141785 0.049771 
370 0.261719 0.000000 -0.044425 97.073460 -0.000604 6.105154 0.053947 
371 0.321289 0.000000 -0.103135 98.419378 -0.000251 6.877201 0.026633 
372 0.440430 0.000000 0.072997 113.041599 0.001053 -2.314209 -0.278376 
373 0.500000 0.000000 0.072997 103.044002 0.000810 0.876823 -0.061884 
374 0.440430 0.000000 0.131708 103.073917 0.000389 3.733843 -0.063817 
375 0.202148 0.000000 -0.044425 96.329788 -0.000652 6.025815 0.068426 
376 0.202148 0.000000 -0.103135 96.437986 -0.000574 9.031223 0.061815 
377 0.202148 0.000000 0.014286 103.469271 -0.000301 9.704139 -0.080006 
378 0.202148 0.000000 0.072997 107.900403 -0.000118 10.882495 -0.176093 
379 0.202148 0.000000 0.131708 102.256099 -0.000209 10.116835 -0.055866 
380 -0.006348 0.000000 0.043642 93.841117 -0.000692 14.343162 0.098812 
381 -0.036133 0.000000 0.043642 92.407553 -0.000809 15.789472 0.121154 
382 -0.006348 0.000000 0.072997 94.096465 -0.000681 14.443426 0.093724 
383 3.835938 0.000000 -0.455401 99.666508 -0.000000 4.465036 0.004665 
384 3.835938 0.000000 -0.925088 99.547449 -0.000000 5.059896 0.006470 
385 4.312500 0.000000 -0.455401 99.739235 -0.000000 4.588080 0.003103 
1 7 12 10 11 
2 12 2 13 10 
3 1 17 15 16 
4 17 7 11 15 
5 19 21 3 22 
6 20 19 22 9 
7 11 25 23 24 
8 25 10 26 23 
9 28 20 9 30 
10 29 28 30 4 
11 15 33 31 32 
12 33 11 24 31 
13 35 37 19 38 
14 36 35 38 20 
15 24 41 39 40 
16 41 23 42 39 
17 44 36 20 46 
18 45 44 46 28 
19 31 49 47 48 
20 49 24 40 47 
21 51 53 35 54 
22 52 51 54 36 
23 40 57 55 56 
24 57 39 58 55 
25 60 52 36 62 
26 61 60 62 44 
27 47 65 63 64 
28 65 40 56 63 
29 67 69 51 70 
30 68 67 70 52 
31 56 73 71 72 
32 73 55 74 71 
33 76 68 52 78 
34 77 76 78 60 
35 63 81 79 80 
36 81 56 72 79 
37 83 85 67 86 
38 84 83 86 68 
39 72 89 87 88 
40 89 71 90 87 
41 10 93 92 26 
42 93 13 94 92 
43 92 94 8 95 
44 26 92 95 14 
45 23 97 96 42 
46 97 26 98 96 
47 96 98 14 99 
48 42 96 99 27 
49 39 101 100 58 
50 101 42 102 100 
51 100 102 27 103 
52 55 105 104 74 
53 105 58 106 104 
54 71 109 108 90 
55 109 74 110 108 
56 108 110 59 111 
57 112 84 68 114 
58 113 112 114 76 
59 115 117 83 118 
60 116 115 118 84 
61 87 121 119 120 
62 121 90 122 119 
63 119 122 75 123 
64 79 126 124 125 
65 126 72 88 124 
66 88 130 128 129 
67 130 87 120 128 
68 14 95 132 37 
69 95 8 133 132 
70 132 133 21 134 
71 37 132 134 19 
72 27 99 135 53 
73 99 14 136 135 
74 135 136 37 137 
75 53 135 137 35 
76 103 27 139 138 
77 138 139 53 140 
78 69 138 140 51 
79 141 142 69 143 
80 85 141 143 67 
81 111 59 145 144 
82 144 145 85 146 
83 117 144 146 83 
84 123 75 149 147 
85 147 149 117 150 
86 148 147 150 115 
87 120 153 151 152 
88 153 119 154 151 
89 151 154 123 155 
90 156 116 84 158 
91 157 156 158 112 
92 159 148 115 161 
93 160 159 161 116 
94 128 164 162 163 
95 164 120 152 162 
96 155 123 168 166 
97 166 168 147 169 
98 167 166 169 148 
99 152 172 170 171 
100 172 151 173 170 
101 170 173 155 174 
102 175 167 148 177 
103 176 175 177 159 
104 162 180 178 179 
105 180 152 171 178 
106 174 155 184 182 
107 182 184 166 185 
108 183 182 185 167 
109 171 188 186 187 
110 188 170 189 186 
111 186 189 174 190 
112 191 183 167 193 
113 192 191 193 175 
114 178 196 194 195 
115 196 171 187 194 
116 195 194 197 181 
117 91 190 198 199 
118 190 174 200 198 
119 198 200 182 201 
120 199 198 201 183 
121 187 204 202 203 
122 204 186 205 202 
123 202 205 190 206 
124 203 202 206 91 
125 124 209 207 208 
126 209 88 129 207 
127 129 213 211 212 
128 213 128 163 211 
129 211 163 131 214 
130 212 211 214 5 
131 163 217 215 216 
132 217 162 179 215 
133 215 179 165 218 
134 216 215 218 131 
135 179 221 219 220 
136 221 178 195 219 
137 219 195 181 222 
138 220 219 222 165 
139 223 160 116 225 
140 224 223 225 156 
141 207 228 226 227 
142 228 129 212 226 
143 230 232 160 233 
144 231 230 233 223 
145 226 236 234 235 
146 236 212 237 234 
147 234 237 5 238 
148 235 234 238 229 
149 16 241 239 240 
150 241 15 32 239 
151 239 32 18 242 
152 240 239 242 6 
153 32 245 243 244 
154 245 31 48 243 
155 243 48 34 246 
156 244 243 246 18 
157 48 249 247 248 
158 249 47 64 247 
159 247 64 50 250 
160 248 247 250 34 
161 64 253 251 252 
162 253 63 80 251 
163 251 80 66 254 
164 252 251 254 50 
165 80 257 255 256 
166 257 79 125 255 
167 255 125 82 258 
168 256 255 258 66 
169 125 261 259 260 
170 261 124 208 259 
171 260 259 262 82 
172 208 265 263 264 
173 265 207 227 263 
174 6 242 267 268 
175 242 18 45 267 
176 267 45 28 269 
177 268 267 269 29 
178 18 246 270 271 
179 246 34 61 270 
180 270 61 44 272 
181 271 270 272 45 
182 34 250 273 274 
183 250 50 77 273 
184 273 77 60 275 
185 274 273 275 61 
186 50 254 276 277 
187 254 66 113 276 
188 276 113 76 278 
189 277 276 278 77 
190 66 258 279 280 
191 258 82 157 279 
192 279 157 112 281 
193 280 279 281 113 
194 82 262 282 283 
195 282 224 156 284 
196 283 282 284 157 
197 259 287 285 286 
198 287 208 264 285 
199 286 285 288 262 
200 289 231 223 291 
201 290 289 291 224 
202 264 294 292 293 
203 294 263 295 292 
204 292 295 266 296 
205 262 288 297 298 
206 297 290 224 299 
207 298 297 299 282 
208 285 302 300 301 
209 302 264 293 300 
210 301 300 303 288 
211 296 266 306 304 
212 304 306 289 307 
213 305 304 307 290 
214 293 310 308 309 
215 310 292 311 308 
216 308 311 296 312 
217 309 308 312 127 
218 288 303 313 314 
219 313 305 290 315 
220 314 313 315 297 
221 300 318 316 317 
222 318 293 309 316 
223 316 309 127 319 
224 317 316 319 303 
225 127 312 320 321 
226 312 296 322 320 
227 320 322 304 323 
228 321 320 323 305 
229 210 326 324 325 
230 326 229 327 324 
231 324 327 230 328 
232 325 324 328 231 
233 5 214 329 232 
234 214 131 176 329 
235 329 176 159 330 
236 232 329 330 160 
237 131 218 331 332 
238 218 165 192 331 
239 331 192 175 333 
240 332 331 333 176 
241 165 222 334 335 
242 222 181 336 334 
243 334 336 191 337 
244 335 334 337 192 
245 181 197 338 336 
246 197 91 199 338 
247 338 199 183 339 
248 336 338 339 191 
249 194 342 340 341 
250 342 187 203 340 
251 340 203 91 343 
252 341 340 343 197 
253 90 345 344 122 
254 345 108 346 344 
255 344 346 111 347 
256 122 344 347 75 
257 43 349 348 142 
258 349 103 350 348 
259 348 350 138 351 
260 142 348 351 69 
261 107 354 352 353 
262 354 43 355 352 
263 352 355 142 356 
264 353 352 356 141 
265 59 358 357 145 
266 358 107 353 357 
267 357 353 141 359 
268 145 357 359 85 
269 58 361 360 106 
270 361 100 362 360 
271 360 362 103 349 
272 106 360 349 43 
273 74 364 363 110 
274 364 104 365 363 
275 363 365 107 358 
276 110 363 358 59 
277 75 347 366 149 
278 347 111 367 366 
279 366 367 144 368 
280 149 366 368 117 
281 227 371 369 370 
282 371 226 235 369 
283 369 235 229 326 
284 370 369 326 210 
285 229 238 372 327 
286 238 5 373 372 
287 372 373 232 374 
288 327 372 374 230 
289 263 376 375 295 
290 376 227 370 375 
291 375 370 210 377 
292 295 375 377 266 
293 266 377 378 306 
294 377 210 325 378 
295 378 325 231 379 
296 306 378 379 289 
297 303 319 380 381 
298 319 127 321 380 
299 380 321 305 382 
300 381 380 382 313 
301 104 384 383 365 
302 384 106 385 383 
303 383 385 43 354 
304 365 383 354 107 
