2 0.000000 100.000000 747.808936
397 313 
1 -50.000000 0.000000 -50.091361 98.760780 0.000000 15.645465 0.000153 
2 52.000000 0.000000 -50.091361 98.764880 0.000000 15.602983 0.000205 
3 52.000000 0.000000 50.148507 98.788099 0.000000 15.567898 -0.000145 
4 -50.000000 0.000000 50.148507 98.779084 -0.000000 15.644745 -0.000207 
5 1.000000 0.000000 0.028573 105.029976 0.000815 -1.190985 -0.103271 
6 -50.000000 0.000000 0.028573 98.770359 -0.000000 15.656276 -0.000070 
7 1.000000 0.000000 -50.091361 98.746365 0.000000 15.620630 0.000515 
8 52.000000 0.000000 0.028573 99.025119 -0.000000 13.997685 -0.000191 
9 1.000000 0.000000 50.148507 98.799626 0.000000 15.613032 -0.000513 
10 26.500000 0.000000 -25.031394 98.753139 0.000000 15.483295 0.000809 
11 1.000000 0.000000 -25.031394 98.680229 0.000000 15.551701 0.002036 
12 26.500000 0.000000 -50.091361 98.755249 -0.000000 15.604252 0.000391 
13 52.000000 0.000000 -25.031394 98.777209 0.000000 15.515916 0.000232 
14 26.500000 0.000000 0.028573 99.384902 -0.000000 11.633740 -0.001270 
15 -24.500000 0.000000 -25.031394 98.736042 -0.000000 15.650956 0.000624 
16 -50.000000 0.000000 -25.031394 98.761103 0.000000 15.651286 0.000128 
17 -24.500000 0.000000 -50.091361 98.752198 0.000000 15.639540 0.000341 
18 -24.500000 0.000000 0.028573 98.773155 -0.000000 15.695370 -0.000248 
19 26.500000 0.000000 25.088540 98.842770 0.000000 15.354311 -0.000565 
20 1.000000 0.000000 25.088540 98.890078 0.000000 15.524271 -0.002025 
21 52.000000 0.000000 25.088540 98.841462 0.000000 15.220169 -0.000129 
22 26.500000 0.000000 50.148507 98.794671 0.000000 15.585281 -0.000329 
23 13.750000 0.000000 -12.501411 98.705030 -0.000000 15.037086 0.003120 
24 1.000000 0.000000 -12.501411 98.429373 0.000000 15.285298 0.007802 
25 13.750000 0.000000 -25.031394 98.715454 -0.000000 15.488313 0.001537 
26 26.500000 0.000000 -12.501411 98.799362 -0.000000 15.153045 0.000907 
27 13.750000 0.000000 0.028573 99.712021 -0.000000 9.152991 -0.002626 
28 -24.500000 0.000000 25.088540 98.809756 0.000000 15.649008 -0.000826 
29 -50.000000 0.000000 25.088540 98.779405 -0.000000 15.650851 -0.000232 
30 -24.500000 0.000000 50.148507 98.789853 0.000000 15.637301 -0.000396 
31 -11.750000 0.000000 -12.501411 98.634873 0.000000 15.669560 0.002563 
32 -24.500000 0.000000 -12.501411 98.736451 -0.000000 15.674312 0.000543 
33 -11.750000 0.000000 -25.031394 98.702021 -0.000000 15.626498 0.001372 
34 -11.750000 0.000000 0.028573 98.773279 -0.000000 15.853944 -0.000751 
35 13.750000 0.000000 12.558556 99.031534 0.000000 14.637606 -0.002150 
36 1.000000 0.000000 12.558556 99.228071 0.000000 15.201499 -0.007730 
37 26.500000 0.000000 12.558556 99.007575 0.000000 14.264348 -0.000597 
38 13.750000 0.000000 25.088540 98.869048 0.000000 15.418386 -0.001282 
39 7.375000 0.000000 -6.236419 98.486676 -0.000000 13.649550 0.011406 
40 1.000000 0.000000 -6.236419 97.618528 -0.000000 14.464696 0.026140 
41 7.375000 0.000000 -12.501411 98.564818 -0.000000 15.054810 0.005833 
42 13.750000 0.000000 -6.236419 98.849983 -0.000000 13.973924 0.003341 
43 7.375000 0.000000 0.028573 99.647835 -0.000000 7.466969 0.001455 
44 -11.750000 0.000000 12.558556 98.930274 -0.000000 15.668908 -0.003271 
45 -24.500000 0.000000 12.558556 98.810511 -0.000000 15.673916 -0.000919 
46 -11.750000 0.000000 25.088540 98.852580 0.000000 15.619525 -0.001580 
47 -5.375000 0.000000 -6.236419 98.233194 -0.000000 15.723411 0.010301 
48 -11.750000 0.000000 -6.236419 98.630767 -0.000000 15.762738 0.002351 
49 -5.375000 0.000000 -12.501411 98.504963 0.000000 15.569790 0.005435 
50 -5.375000 0.000000 0.028573 98.715635 0.000000 16.474897 -0.001620 
51 7.375000 0.000000 6.293564 99.546141 0.000000 12.873084 -0.007515 
52 1.000000 0.000000 6.293564 100.317614 0.000000 14.286001 -0.026771 
53 13.750000 0.000000 6.293564 99.357836 0.000000 12.332563 -0.002407 
54 7.375000 0.000000 12.558556 99.136039 0.000000 14.837841 -0.004812 
55 4.187500 0.000000 -3.103923 97.706164 -0.000000 11.062053 0.033114 
56 1.000000 0.000000 -3.103923 95.640050 -0.000000 12.776946 0.068973 
57 4.187500 0.000000 -6.236419 98.042230 -0.000000 13.776202 0.019794 
58 7.375000 0.000000 -3.103923 98.759183 -0.000000 11.436406 0.011583 
59 4.187500 0.000000 0.028573 98.990346 -0.000000 5.855648 0.016662 
60 -5.375000 0.000000 6.293564 99.380055 0.000000 15.769021 -0.012506 
61 -11.750000 0.000000 6.293564 98.928884 -0.000000 15.771153 -0.003565 
62 -5.375000 0.000000 12.558556 99.095304 0.000000 15.556691 -0.006189 
63 -2.187500 0.000000 -3.103923 96.882972 -0.000000 15.884521 0.036137 
64 -5.375000 0.000000 -3.103923 98.191949 -0.000000 16.081080 0.009974 
65 -2.187500 0.000000 -6.236419 97.798263 -0.000000 15.347438 0.019996 
66 -2.187500 0.000000 0.028573 98.336507 0.000000 18.805823 -0.002373 
67 4.187500 0.000000 3.161069 100.561500 0.000000 10.126639 -0.021516 
68 1.000000 0.000000 3.161069 103.036311 0.000000 12.497148 -0.077266 
69 7.375000 0.000000 3.161069 99.797193 0.000000 10.047430 -0.006043 
70 4.187500 0.000000 6.293564 99.937369 0.000000 13.289291 -0.016408 
71 2.593750 0.000000 -1.537675 95.869044 -0.000000 8.177020 0.074226 
72 1.000000 0.000000 -1.537675 92.776262 -0.000000 10.439456 0.128358 
73 2.593750 0.000000 -3.103923 96.625071 -0.000000 11.393663 0.053378 
74 4.187500 0.000000 -1.537675 97.910371 -0.000000 8.428534 0.034252 
75 2.593750 0.000000 0.028573 88.649980 0.002900 -4.708740 0.211901 
76 -2.187500 0.000000 3.161069 100.835049 0.000000 16.252102 -0.043184 
77 -5.375000 0.000000 3.161069 99.344778 0.000000 16.175922 -0.013105 
78 -2.187500 0.000000 6.293564 99.950994 0.000000 15.384847 -0.022689 
79 -0.593750 0.000000 -1.537675 93.225445 -0.000000 15.999733 0.105302 
80 -2.187500 0.000000 -1.537675 96.601422 -0.000000 17.165306 0.037352 
81 -0.593750 0.000000 -3.103923 95.783027 -0.000000 14.759943 0.060776 
82 -0.593750 0.000000 0.028573 81.363851 -0.002200 35.008385 0.215434 
83 2.593750 0.000000 1.594821 102.326048 0.000000 6.442456 -0.051213 
84 1.000000 0.000000 1.594821 107.883796 0.000000 9.673830 -0.173250 
85 4.187500 0.000000 1.594821 100.263284 0.000000 7.476132 -0.010862 
86 2.593750 0.000000 3.161069 101.772767 0.000000 10.546410 -0.046892 
87 1.796875 0.000000 -0.754551 93.054468 0.002579 -3.541507 0.132832 
88 1.000000 0.000000 -0.754551 90.084904 -0.001661 4.430255 0.186508 
89 1.796875 0.000000 -1.537675 94.313275 -0.000000 8.841153 0.102684 
90 2.593750 0.000000 -0.754551 95.802008 -0.000000 5.593029 0.079069 
91 1.796875 0.000000 0.028573 99.184113 0.003335 -8.266116 0.009418 
92 39.250000 0.000000 -12.501411 98.811594 -0.000000 15.254244 0.000358 
93 39.250000 0.000000 -25.031394 98.770556 0.000000 15.498880 0.000416 
94 52.000000 0.000000 -12.501411 98.809432 -0.000000 15.327254 0.000177 
95 39.250000 0.000000 0.028573 99.157470 -0.000000 13.139156 -0.000484 
96 20.125000 0.000000 -6.236419 98.909252 -0.000000 14.276909 0.001313 
97 20.125000 0.000000 -12.501411 98.772605 -0.000000 15.091260 0.001623 
98 26.500000 0.000000 -6.236419 98.910340 -0.000000 14.507138 0.000629 
99 20.125000 0.000000 0.028573 99.544159 -0.000000 10.523734 -0.001979 
100 10.562500 0.000000 -3.103923 99.049369 -0.000000 11.972870 0.004587 
101 10.562500 0.000000 -6.236419 98.743505 -0.000000 13.800646 0.005926 
102 13.750000 0.000000 -3.103923 99.122094 -0.000000 12.443636 0.001997 
103 10.562500 0.000000 0.028573 99.759490 -0.000000 8.343045 -0.002156 
104 5.781250 0.000000 -1.537675 98.750734 -0.000000 9.025536 0.016683 
105 5.781250 0.000000 -3.103923 98.384443 -0.000000 11.176556 0.019559 
106 7.375000 0.000000 -1.537675 99.129533 -0.000000 9.540443 0.008232 
107 5.781250 0.000000 0.028573 99.408140 -0.000000 6.905763 0.007033 
108 3.390625 0.000000 -0.754551 97.485403 -0.000000 6.234988 0.045772 
109 3.390625 0.000000 -1.537675 97.096113 -0.000000 8.154375 0.050585 
110 4.187500 0.000000 -0.754551 98.316536 -0.000000 6.909185 0.028612 
111 3.390625 0.000000 0.028573 98.565427 -0.000000 4.769270 0.026211 
112 -0.593750 0.000000 1.594821 105.003181 0.000000 17.809616 -0.134285 
113 -2.187500 0.000000 1.594821 100.676137 0.000000 17.770258 -0.045147 
114 -0.593750 0.000000 3.161069 102.446869 0.000000 15.152149 -0.072495 
115 1.796875 0.000000 0.811697 95.593466 0.003484 -6.874908 0.081462 
116 1.000000 0.000000 0.811697 123.338732 0.003330 -6.686298 -0.525715 
117 2.593750 0.000000 0.811697 101.117525 0.000000 3.396293 -0.023629 
118 1.796875 0.000000 1.594821 104.977063 0.000000 6.801182 -0.106644 
119 2.195312 0.000000 -0.362989 92.469843 0.002657 -3.823483 0.143471 
120 1.796875 0.000000 -0.362989 95.328082 0.002526 -3.722237 0.089870 
121 2.195312 0.000000 -0.754551 86.634748 0.002592 -2.516244 0.248809 
122 2.593750 0.000000 -0.362989 88.687932 0.002898 -4.649651 0.211283 
123 2.195312 0.000000 0.028573 93.602505 0.002875 -4.618532 0.121724 
124 0.203125 0.000000 -0.754551 76.712204 -0.002724 25.202102 0.348009 
125 -0.593750 0.000000 -0.754551 91.080383 -0.000000 19.390766 0.132836 
126 0.203125 0.000000 -1.537675 92.004390 -0.000000 13.216148 0.136053 
127 0.203125 0.000000 0.028573 103.552450 -0.001256 23.090511 -0.125628 
128 1.398438 0.000000 -0.362989 98.520335 0.002173 -3.300402 0.028285 
129 1.000000 0.000000 -0.362989 103.420900 0.000648 -1.096678 -0.069709 
130 1.398438 0.000000 -0.754551 96.810080 0.001116 1.473038 0.062564 
131 1.398438 0.000000 0.028573 101.238907 0.002325 -3.564243 -0.026202 
132 39.250000 0.000000 12.558556 99.090186 0.000000 13.647809 -0.000513 
133 52.000000 0.000000 12.558556 99.253300 0.000000 12.594364 -0.000984 
134 39.250000 0.000000 25.088540 98.835965 0.000000 15.295738 -0.000251 
135 20.125000 0.000000 6.293564 99.426761 0.000000 11.589990 -0.002001 
136 26.500000 0.000000 6.293564 99.564545 0.000000 10.644211 -0.002640 
137 20.125000 0.000000 12.558556 98.998864 0.000000 14.469410 -0.001014 
138 10.562500 0.000000 3.161069 99.730000 0.000000 9.740607 -0.004095 
139 13.750000 0.000000 3.161069 99.772463 0.000000 9.304003 -0.004111 
140 10.562500 0.000000 6.293564 99.389729 0.000000 12.620415 -0.003759 
141 5.781250 0.000000 1.594821 99.873607 0.000000 8.037277 -0.003934 
142 7.375000 0.000000 1.594821 99.829223 0.000000 8.195794 -0.003304 
143 5.781250 0.000000 3.161069 100.005948 0.000000 10.091027 -0.010302 
144 3.390625 0.000000 0.811697 100.007096 0.000000 5.279450 -0.002929 
145 4.187500 0.000000 0.811697 99.724895 0.000000 6.262452 0.001573 
146 3.390625 0.000000 1.594821 100.914487 0.000000 6.951862 -0.023206 
147 2.195312 0.000000 0.420135 94.238165 0.003115 -5.503314 0.108888 
148 1.796875 0.000000 0.420135 97.373290 0.002866 -4.895430 0.049448 
149 2.593750 0.000000 0.420135 88.279775 0.003235 -6.673379 0.216215 
150 2.195312 0.000000 0.811697 88.365320 0.003239 -9.648407 0.209848 
151 1.996094 0.000000 -0.167208 94.877595 0.002766 -4.314882 0.097962 
152 1.796875 0.000000 -0.167208 95.360452 0.002575 -3.882223 0.089131 
153 1.996094 0.000000 -0.362989 93.888290 0.002640 -3.832393 0.117030 
154 2.195312 0.000000 -0.167208 93.592320 0.002854 -4.505414 0.122018 
155 1.996094 0.000000 0.028573 84.294929 0.002422 -4.643745 0.287280 
156 0.203125 0.000000 0.811697 105.845062 -0.000699 43.277079 -0.307608 
157 -0.593750 0.000000 0.811697 105.390637 0.000000 22.887086 -0.163101 
158 0.203125 0.000000 1.594821 108.055205 0.000000 14.642014 -0.189032 
159 1.398438 0.000000 0.420135 99.659563 0.002384 -4.035220 0.005169 
160 1.000000 0.000000 0.420135 108.697399 0.001140 -0.066120 -0.181513 
161 1.398438 0.000000 0.811697 111.562773 0.004268 -10.468044 -0.255583 
162 1.597656 0.000000 -0.167208 96.478841 0.002096 -2.613419 0.068500 
163 1.398438 0.000000 -0.167208 97.251649 0.001582 -1.450469 0.054001 
164 1.597656 0.000000 -0.362989 97.064224 0.002491 -3.773176 0.056430 
165 1.597656 0.000000 0.028573 99.869074 0.002728 -4.569070 0.000529 
166 1.996094 0.000000 0.224354 95.209811 0.002828 -4.622946 0.091372 
167 1.796875 0.000000 0.224354 96.805559 0.002686 -4.439332 0.060898 
168 2.195312 0.000000 0.224354 93.815564 0.002894 -4.724771 0.117632 
169 1.996094 0.000000 0.420135 95.753257 0.003020 -5.221490 0.080405 
170 1.896484 0.000000 -0.069318 94.374474 0.002438 -1.599326 0.109090 
171 1.796875 0.000000 -0.069318 95.408113 0.002035 -1.300344 0.089560 
172 1.896484 0.000000 -0.167208 95.179868 0.002756 -4.282029 0.092246 
173 1.996094 0.000000 -0.069318 94.870570 0.002783 -4.394330 0.098026 
174 1.896484 0.000000 0.028573 94.701338 0.003151 -6.452985 0.099002 
175 2.992188 0.000000 -0.362989 97.285595 -0.000000 4.702260 0.051340 
176 2.992188 0.000000 -0.754551 96.793607 -0.000000 5.873524 0.059650 
177 3.390625 0.000000 -0.362989 97.930867 -0.000000 5.336090 0.038107 
178 2.992188 0.000000 0.028573 98.168743 -0.000000 3.873363 0.034790 
179 2.394531 0.000000 -0.167208 92.326768 0.002883 -4.635888 0.145428 
180 2.394531 0.000000 -0.362989 90.838674 0.002878 -4.640796 0.172680 
181 2.593750 0.000000 -0.167208 88.649166 0.002899 -4.674508 0.211947 
182 2.394531 0.000000 0.028573 92.330564 0.002894 -4.708447 0.145290 
183 2.095703 0.000000 -0.069318 93.691724 0.002863 -4.551357 0.120115 
184 2.095703 0.000000 -0.167208 93.707427 0.002851 -4.486789 0.119879 
185 2.195312 0.000000 -0.069318 93.570035 0.002864 -4.559776 0.122386 
186 2.095703 0.000000 0.028573 93.733276 0.002876 -4.622232 0.119271 
187 1.597656 0.000000 0.224354 100.168600 0.002953 -5.372310 -0.006261 
188 1.398438 0.000000 0.224354 103.233548 0.002931 -5.520652 -0.068764 
189 1.597656 0.000000 0.420135 97.931165 0.002671 -4.485667 0.038937 
190 1.896484 0.000000 0.126463 95.401457 0.002816 -4.565963 0.087771 
191 1.796875 0.000000 0.126463 98.088581 0.003121 -6.572352 0.033543 
192 1.996094 0.000000 0.126463 95.048760 0.002816 -4.559263 0.094495 
193 1.896484 0.000000 0.224354 95.550717 0.002831 -4.639441 0.084854 
194 1.946289 0.000000 -0.020373 91.540472 0.003654 -2.479291 0.161420 
195 1.896484 0.000000 -0.020373 93.537620 0.002973 -3.171185 0.124066 
196 1.946289 0.000000 -0.069318 95.023659 0.002780 -4.384674 0.095128 
197 1.996094 0.000000 -0.020373 83.417862 0.002579 -3.642381 0.302819 
198 1.946289 0.000000 0.028573 93.352533 0.003167 -7.870725 0.122336 
199 0.601562 0.000000 -0.362989 96.205052 -0.001177 14.282023 0.054061 
200 0.203125 0.000000 -0.362989 91.050626 -0.001863 20.193132 0.130202 
201 0.601562 0.000000 -0.754551 83.079489 -0.003034 -1.627297 0.309515 
202 0.601562 0.000000 0.028573 101.983460 -0.000853 9.968371 -0.049999 
203 1.199219 0.000000 -0.167208 98.242415 0.001186 -1.124660 0.034716 
204 1.000000 0.000000 -0.167208 101.081559 0.000254 0.333872 -0.021759 
205 1.199219 0.000000 -0.362989 100.167351 0.001559 -2.562309 -0.004006 
206 1.199219 0.000000 0.028573 102.624535 0.001779 -2.568650 -0.053839 
207 1.498047 0.000000 -0.069318 97.018084 0.001545 -0.367851 0.058736 
208 1.398438 0.000000 -0.069318 98.113895 0.001673 -1.553564 0.037125 
209 1.498047 0.000000 -0.167208 97.656220 0.001974 -2.279769 0.045807 
210 1.597656 0.000000 -0.069318 97.402114 0.001977 -1.901156 0.050921 
211 1.498047 0.000000 0.028573 101.374059 0.002839 -4.883236 -0.030055 
212 0.601562 0.000000 0.420135 99.840300 -0.000875 15.034881 -0.019413 
213 0.203125 0.000000 0.420135 96.992430 -0.001380 21.473338 0.013136 
214 0.601562 0.000000 0.811697 134.530620 0.001149 12.468100 -0.825394 
215 0.800781 0.000000 -0.167208 97.041669 -0.000769 8.843448 0.050471 
216 0.601562 0.000000 -0.167208 95.389662 -0.001343 10.426629 0.079210 
217 0.800781 0.000000 -0.362989 100.615599 -0.000597 5.204859 -0.015059 
218 0.800781 0.000000 0.028573 102.195605 -0.000274 7.161853 -0.049523 
219 -37.250000 0.000000 -12.501411 98.758306 -0.000000 15.661657 0.000151 
220 -50.000000 0.000000 -12.501411 98.764530 0.000000 15.654759 0.000050 
221 -37.250000 0.000000 -25.031394 98.753483 0.000000 15.653104 0.000273 
222 -37.250000 0.000000 0.028573 98.771279 0.000000 15.666352 -0.000120 
223 -18.125000 0.000000 -6.236419 98.722827 -0.000000 15.715669 0.000682 
224 -24.500000 0.000000 -6.236419 98.749754 -0.000000 15.688670 0.000235 
225 -18.125000 0.000000 -12.501411 98.705057 -0.000000 15.680647 0.001143 
226 -18.125000 0.000000 0.028573 98.774496 0.000000 15.736304 -0.000403 
227 -8.562500 0.000000 -3.103923 98.553176 0.000000 15.949822 0.003287 
228 -11.750000 0.000000 -3.103923 98.680515 0.000000 15.822856 0.001179 
229 -8.562500 0.000000 -6.236419 98.502550 0.000000 15.782443 0.004816 
230 -8.562500 0.000000 0.028573 98.762115 0.000000 16.032302 -0.001099 
231 -3.781250 0.000000 -1.537675 97.907248 -0.000000 16.681396 0.013590 
232 -5.375000 0.000000 -1.537675 98.364686 -0.000000 16.329059 0.005775 
233 -3.781250 0.000000 -3.103923 97.728657 -0.000000 16.121785 0.018920 
234 -3.781250 0.000000 0.028573 98.629692 0.000000 17.096945 -0.002012 
235 -1.390625 0.000000 -0.754551 95.437616 -0.000000 19.155453 0.052473 
236 -2.187500 0.000000 -0.754551 97.108698 -0.000000 18.137156 0.024094 
237 -1.390625 0.000000 -1.537675 95.202104 -0.000000 17.119615 0.064348 
238 -1.390625 0.000000 0.028573 97.848287 0.000000 21.096811 -0.001936 
239 -0.195312 0.000000 -0.362989 84.745613 -0.002240 27.112131 0.208311 
240 -0.593750 0.000000 -0.362989 73.533012 -0.002352 39.876281 0.300278 
241 -0.195312 0.000000 -0.754551 64.712541 -0.002883 31.419180 0.482512 
242 -0.195312 0.000000 0.028573 88.403693 -0.001982 27.765015 0.141389 
243 0.402344 0.000000 -0.167208 92.813756 -0.001812 11.867676 0.124476 
244 0.203125 0.000000 -0.167208 89.765126 -0.002013 14.936412 0.171913 
245 0.402344 0.000000 -0.362989 93.832860 -0.001552 16.927403 0.090886 
246 0.402344 0.000000 0.028573 103.308786 -0.001088 14.781227 -0.089119 
247 -37.250000 0.000000 12.558556 98.784224 -0.000000 15.661326 -0.000360 
248 -50.000000 0.000000 12.558556 98.776145 -0.000000 15.654550 -0.000179 
249 -37.250000 0.000000 25.088540 98.788689 0.000000 15.652289 -0.000420 
250 -18.125000 0.000000 6.293564 98.827904 0.000000 15.717071 -0.001398 
251 -24.500000 0.000000 6.293564 98.796868 0.000000 15.688807 -0.000696 
252 -18.125000 0.000000 12.558556 98.847241 -0.000000 15.680406 -0.001665 
253 -8.562500 0.000000 3.161069 98.990512 0.000000 15.976585 -0.005437 
254 -11.750000 0.000000 3.161069 98.870706 -0.000000 15.830563 -0.002602 
255 -8.562500 0.000000 6.293564 99.068806 0.000000 15.802927 -0.006436 
256 -3.781250 0.000000 1.594821 99.474363 0.000000 16.873422 -0.017986 
257 -5.375000 0.000000 1.594821 99.102447 0.000000 16.402505 -0.009034 
258 -3.781250 0.000000 3.161069 99.831532 0.000000 16.316300 -0.023256 
259 -1.390625 0.000000 0.811697 101.027883 0.000000 20.307799 -0.061904 
260 -2.187500 0.000000 0.811697 99.777229 0.000000 18.599795 -0.030145 
261 -1.390625 0.000000 1.594821 102.211756 0.000000 18.238369 -0.077988 
262 -0.195312 0.000000 0.420135 91.391241 -0.001795 29.345729 0.078647 
263 -0.593750 0.000000 0.420135 76.714976 -0.002009 49.317216 0.168262 
264 -0.195312 0.000000 0.811697 110.267749 -0.000733 65.242457 -0.641555 
265 0.003906 0.000000 -0.167208 89.964927 -0.001884 23.433762 0.135717 
266 -0.195312 0.000000 -0.167208 87.474524 -0.002035 26.848833 0.162735 
267 0.003906 0.000000 -0.362989 87.995152 -0.002085 23.650801 0.169749 
268 0.003906 0.000000 0.028573 80.949246 -0.001541 87.088739 -0.413723 
269 0.402344 0.000000 0.224354 107.008593 -0.000739 16.264970 -0.171539 
270 0.203125 0.000000 0.224354 95.821097 -0.001459 20.977419 0.037827 
271 0.601562 0.000000 0.224354 106.745964 -0.000296 11.193415 -0.151999 
272 0.402344 0.000000 0.420135 99.057302 -0.001035 17.534184 -0.011980 
273 0.302734 0.000000 -0.069318 88.087669 -0.002509 8.069854 0.217544 
274 0.203125 0.000000 -0.069318 81.368792 -0.003073 1.241388 0.337758 
275 0.302734 0.000000 -0.167208 91.680378 -0.001957 14.551972 0.138295 
276 0.402344 0.000000 -0.069318 92.650645 -0.001904 11.042865 0.129391 
277 0.302734 0.000000 0.028573 99.791189 -0.001497 16.799748 -0.024051 
278 0.003906 0.000000 0.224354 92.877883 -0.001728 24.787572 0.075928 
279 -0.195312 0.000000 0.224354 89.876086 -0.001918 28.060818 0.113488 
280 0.003906 0.000000 0.420135 94.362677 -0.001630 25.432206 0.044889 
281 0.103516 0.000000 -0.069318 70.241186 -0.003520 -3.620381 0.505307 
282 0.003906 0.000000 -0.069318 73.956081 -0.002578 12.590261 0.437198 
283 0.103516 0.000000 -0.167208 90.745437 -0.001869 22.531075 0.125762 
284 0.103516 0.000000 0.028573 107.380476 -0.001317 32.203669 -0.256764 
285 -0.992188 0.000000 -0.362989 94.724269 -0.000000 21.762208 0.055372 
286 -1.390625 0.000000 -0.362989 96.324307 -0.000000 20.328973 0.030836 
287 -0.992188 0.000000 -0.754551 93.772562 -0.000000 19.573220 0.082360 
288 -0.992188 0.000000 0.028573 97.255487 0.000000 23.418816 -0.000707 
289 -0.394531 0.000000 -0.167208 84.830990 -0.002136 30.280006 0.188682 
290 -0.593750 0.000000 -0.167208 74.282398 -0.002485 35.286793 0.323697 
291 -0.394531 0.000000 -0.362989 80.586581 -0.002365 30.670098 0.256515 
292 -0.394531 0.000000 0.028573 85.532783 -0.002098 30.972208 0.172487 
293 -0.095703 0.000000 -0.069318 88.203592 -0.002027 25.880469 0.155033 
294 -0.195312 0.000000 -0.069318 87.830270 -0.002011 27.355028 0.153755 
295 -0.095703 0.000000 -0.167208 87.720701 -0.002039 26.380588 0.160914 
296 -0.095703 0.000000 0.028573 90.529809 -0.001805 26.060453 0.112521 
297 0.103516 0.000000 0.126463 113.543879 -0.001078 32.952475 -0.397808 
298 0.003906 0.000000 0.126463 92.035951 -0.001770 24.733347 0.091765 
299 0.203125 0.000000 0.126463 117.255788 -0.000759 25.649326 -0.440681 
300 0.103516 0.000000 0.224354 93.844030 -0.001696 23.947218 0.061983 
301 0.053711 0.000000 -0.020373 64.673625 -0.003128 3.432506 0.580554 
302 0.003906 0.000000 -0.020373 16.026535 -0.003172 20.900391 0.930632 
303 0.053711 0.000000 -0.069318 66.101081 -0.003109 3.706296 0.561691 
304 0.103516 0.000000 -0.020373 82.343883 -0.002542 11.792698 0.308042 
305 0.053711 0.000000 0.028573 116.142632 -0.001059 52.549783 -0.625059 
306 -0.992188 0.000000 0.420135 100.392031 0.000000 23.197698 -0.061669 
307 -1.390625 0.000000 0.420135 99.607552 0.000000 21.060459 -0.036521 
308 -0.992188 0.000000 0.811697 102.491465 0.000000 21.547206 -0.096878 
309 -0.394531 0.000000 0.224354 86.607104 -0.002055 31.277824 0.152091 
310 -0.593750 0.000000 0.224354 82.493065 -0.002009 39.712580 0.161781 
311 -0.394531 0.000000 0.420135 87.924547 -0.001906 33.772680 0.112868 
312 -0.095703 0.000000 0.126463 91.356553 -0.001765 26.307104 0.096192 
313 -0.195312 0.000000 0.126463 89.122208 -0.001949 28.007891 0.127279 
314 -0.095703 0.000000 0.224354 92.208851 -0.001724 26.332826 0.080411 
315 0.053711 0.000000 0.077518 117.001354 -0.001025 50.118500 -0.620118 
316 0.003906 0.000000 0.077518 105.354664 -0.001383 44.338597 -0.306552 
317 0.103516 0.000000 0.077518 137.518019 -0.000369 48.634311 -1.127650 
318 0.053711 0.000000 0.126463 105.081091 -0.001371 31.347464 -0.202470 
319 0.302734 0.000000 0.126463 127.126887 -0.000192 19.500242 -0.654150 
320 0.402344 0.000000 0.126463 109.407603 -0.000657 15.865208 -0.222173 
321 0.302734 0.000000 0.224354 103.627650 -0.001133 19.785138 -0.113014 
322 0.800781 0.000000 0.224354 105.857830 0.000222 7.462649 -0.126157 
323 1.000000 0.000000 0.224354 109.645416 0.001485 -2.273615 -0.202729 
324 0.800781 0.000000 0.420135 110.871415 0.000302 5.287638 -0.232043 
325 1.199219 0.000000 0.224354 105.479634 0.002428 -4.254649 -0.114406 
326 1.199219 0.000000 0.420135 103.966726 0.001914 -3.166724 -0.081911 
327 1.498047 0.000000 0.126463 102.919100 0.003307 -6.548794 -0.063523 
328 1.398438 0.000000 0.126463 103.072561 0.002812 -5.339900 -0.065247 
329 1.597656 0.000000 0.126463 101.536919 0.003353 -7.091433 -0.036003 
330 1.498047 0.000000 0.224354 100.579042 0.002821 -5.262140 -0.014383 
331 1.697266 0.000000 -0.069318 96.492150 0.002090 -1.676941 0.068645 
332 1.697266 0.000000 -0.167208 96.792090 0.002570 -3.985684 0.061541 
333 1.697266 0.000000 0.028573 98.880851 0.002906 -5.224995 0.019528 
334 1.846680 0.000000 -0.020373 95.426094 0.002426 -2.341192 0.088838 
335 1.796875 0.000000 -0.020373 95.493309 0.001946 -0.330556 0.088092 
336 1.846680 0.000000 -0.069318 94.101020 0.002018 -0.088742 0.114499 
337 1.846680 0.000000 0.028573 97.214412 0.003008 -6.972759 0.050074 
338 2.992188 0.000000 0.420135 99.318289 0.000000 3.819379 0.012129 
339 3.390625 0.000000 0.420135 99.305838 0.000000 4.776244 0.011554 
340 2.992188 0.000000 0.811697 100.366945 0.000000 4.495260 -0.009373 
341 2.394531 0.000000 0.224354 92.458584 0.002906 -4.780690 0.142856 
342 2.593750 0.000000 0.224354 88.695204 0.002903 -4.744041 0.211065 
343 2.394531 0.000000 0.420135 91.000786 0.002904 -4.856071 0.169528 
344 2.095703 0.000000 0.126463 93.830248 0.002888 -4.690480 0.117388 
345 2.195312 0.000000 0.126463 93.689119 0.002885 -4.675441 0.120049 
346 2.095703 0.000000 0.224354 93.965121 0.002899 -4.748072 0.114801 
347 1.946289 0.000000 0.077518 95.145558 0.002808 -4.522036 0.092687 
348 1.896484 0.000000 0.077518 96.708868 0.003163 -7.782771 0.058682 
349 1.996094 0.000000 0.077518 94.982033 0.002808 -4.520973 0.095797 
350 1.946289 0.000000 0.126463 95.212468 0.002816 -4.563523 0.091376 
351 1.921387 0.000000 0.004100 92.401919 0.003310 -4.962872 0.143726 
352 1.896484 0.000000 0.004100 93.966425 0.003060 -4.682587 0.114838 
353 1.921387 0.000000 -0.020373 92.443437 0.003432 -2.744960 0.144668 
354 1.946289 0.000000 0.004100 87.866837 0.003139 -4.828622 0.225610 
355 1.921387 0.000000 0.028573 93.518424 0.003041 -6.711324 0.120926 
356 2.045898 0.000000 -0.020373 94.762242 0.002793 -4.441409 0.100039 
357 2.045898 0.000000 -0.069318 94.745663 0.002786 -4.402194 0.100388 
358 2.095703 0.000000 -0.020373 93.705034 0.002869 -4.586536 0.119833 
359 2.045898 0.000000 0.028573 94.796487 0.002801 -4.480597 0.099355 
360 1.971191 0.000000 0.004100 81.762740 0.002523 -4.741438 0.329237 
361 1.971191 0.000000 -0.020373 84.693506 0.002919 -3.489743 0.281483 
362 1.996094 0.000000 0.004100 81.305407 0.002371 -4.386724 0.337019 
363 1.971191 0.000000 0.028573 85.779971 0.002703 -5.141149 0.261537 
364 4.984375 0.000000 0.811697 99.670058 0.000000 6.787434 0.001981 
365 4.984375 0.000000 0.028573 99.231547 -0.000000 6.511691 0.011070 
366 5.781250 0.000000 0.811697 99.684274 0.000000 7.134456 0.001215 
367 4.984375 0.000000 1.594821 99.999612 0.000000 7.794350 -0.006067 
368 8.968750 0.000000 1.594821 99.867735 0.000000 8.147874 -0.003995 
369 8.968750 0.000000 0.028573 99.744085 -0.000000 7.934019 -0.001183 
370 10.562500 0.000000 1.594821 99.912937 0.000000 7.994717 -0.004651 
371 8.968750 0.000000 3.161069 99.733377 0.000000 9.928671 -0.004532 
372 6.578125 0.000000 0.811697 99.734356 0.000000 7.313262 -0.000043 
373 6.578125 0.000000 0.028573 99.547648 -0.000000 7.208534 0.003830 
374 7.375000 0.000000 0.811697 99.797732 0.000000 7.407406 -0.001446 
375 6.578125 0.000000 1.594821 99.830010 0.000000 8.151781 -0.003248 
376 8.968750 0.000000 -1.537675 99.296108 -0.000000 9.989811 0.004049 
377 8.968750 0.000000 -3.103923 98.955124 -0.000000 11.717424 0.007059 
378 10.562500 0.000000 -1.537675 99.355805 -0.000000 10.365995 0.002097 
379 6.578125 0.000000 -0.754551 99.252126 -0.000000 8.158501 0.008245 
380 5.781250 0.000000 -0.754551 99.058496 -0.000000 7.831081 0.012609 
381 6.578125 0.000000 -1.537675 98.976784 -0.000000 9.292250 0.011725 
382 7.375000 0.000000 -0.754551 99.382023 -0.000000 8.448514 0.005184 
383 6.179688 0.000000 0.420135 99.609833 0.000000 6.990173 0.002902 
384 5.781250 0.000000 0.420135 99.559727 0.000000 6.862663 0.004076 
385 6.179688 0.000000 0.028573 99.481825 -0.000000 7.065605 0.005344 
386 6.578125 0.000000 0.420135 99.660000 0.000000 7.093849 0.001756 
387 6.179688 0.000000 0.811697 99.705988 0.000000 7.237268 0.000634 
388 4.984375 0.000000 -0.754551 98.764473 -0.000000 7.404386 0.019075 
389 4.984375 0.000000 -1.537675 98.404725 -0.000000 8.705266 0.024073 
390 1.697266 0.000000 0.126463 99.309309 0.003252 -6.587332 0.009427 
391 1.697266 0.000000 0.224354 97.290502 0.002674 -4.422910 0.051500 
392 1.846680 0.000000 0.077518 98.767123 0.003499 -9.333353 0.015794 
393 1.796875 0.000000 0.077518 98.357773 0.003088 -6.439204 0.028429 
394 1.846680 0.000000 0.126463 96.624339 0.002830 -4.708916 0.064156 
395 2.045898 0.000000 0.077518 94.847478 0.002808 -4.518417 0.098354 
396 2.095703 0.000000 0.077518 93.775642 0.002882 -4.657256 0.118444 
397 2.045898 0.000000 0.126463 94.913054 0.002815 -4.553638 0.097078 
1 7 12 10 11 
2 12 2 13 10 
3 1 17 15 16 
4 17 7 11 15 
5 19 21 3 22 
6 20 19 22 9 
7 11 25 23 24 
8 25 10 26 23 
9 28 20 9 30 
10 29 28 30 4 
11 15 33 31 32 
12 33 11 24 31 
13 35 37 19 38 
14 36 35 38 20 
15 24 41 39 40 
16 41 23 42 39 
17 44 36 20 46 
18 45 44 46 28 
19 31 49 47 48 
20 49 24 40 47 
21 51 53 35 54 
22 52 51 54 36 
23 40 57 55 56 
24 57 39 58 55 
25 60 52 36 62 
26 61 60 62 44 
27 47 65 63 64 
28 65 40 56 63 
29 67 69 51 70 
30 68 67 70 52 
31 56 73 71 72 
32 73 55 74 71 
33 76 68 52 78 
34 77 76 78 60 
35 63 81 79 80 
36 81 56 72 79 
37 83 85 67 86 
38 84 83 86 68 
39 72 89 87 88 
40 89 71 90 87 
41 10 93 92 26 
42 93 13 94 92 
43 92 94 8 95 
44 26 92 95 14 
45 23 97 96 42 
46 97 26 98 96 
47 96 98 14 99 
48 42 96 99 27 
49 39 101 100 58 
50 101 42 102 100 
51 100 102 27 103 
52 55 105 104 74 
53 105 58 106 104 
54 71 109 108 90 
55 109 74 110 108 
56 108 110 59 111 
57 112 84 68 114 
58 113 112 114 76 
59 115 117 83 118 
60 116 115 118 84 
61 87 121 119 120 
62 121 90 122 119 
63 79 126 124 125 
64 126 72 88 124 
65 88 130 128 129 
66 130 87 120 128 
67 14 95 132 37 
68 95 8 133 132 
69 132 133 21 134 
70 37 132 134 19 
71 27 99 135 53 
72 99 14 136 135 
73 135 136 37 137 
74 53 135 137 35 
75 103 27 139 138 
76 138 139 53 140 
77 69 138 140 51 
78 141 142 69 143 
79 85 141 143 67 
80 111 59 145 144 
81 144 145 85 146 
82 117 144 146 83 
83 147 149 117 150 
84 148 147 150 115 
85 120 153 151 152 
86 153 119 154 151 
87 156 116 84 158 
88 157 156 158 112 
89 159 148 115 161 
90 160 159 161 116 
91 128 164 162 163 
92 164 120 152 162 
93 166 168 147 169 
94 167 166 169 148 
95 152 172 170 171 
96 172 151 173 170 
97 90 176 175 122 
98 176 108 177 175 
99 175 177 111 178 
100 122 175 178 75 
101 119 180 179 154 
102 180 122 181 179 
103 179 181 75 182 
104 154 179 182 123 
105 151 184 183 173 
106 184 154 185 183 
107 183 185 123 186 
108 187 167 148 189 
109 188 187 189 159 
110 190 192 166 193 
111 191 190 193 167 
112 170 196 194 195 
113 196 173 197 194 
114 124 201 199 200 
115 201 88 129 199 
116 129 205 203 204 
117 205 128 163 203 
118 203 163 131 206 
119 204 203 206 5 
120 163 209 207 208 
121 209 162 210 207 
122 207 210 165 211 
123 208 207 211 131 
124 212 160 116 214 
125 213 212 214 156 
126 199 217 215 216 
127 217 129 204 215 
128 215 204 5 218 
129 216 215 218 202 
130 16 221 219 220 
131 221 15 32 219 
132 219 32 18 222 
133 220 219 222 6 
134 32 225 223 224 
135 225 31 48 223 
136 223 48 34 226 
137 224 223 226 18 
138 48 229 227 228 
139 229 47 64 227 
140 227 64 50 230 
141 228 227 230 34 
142 64 233 231 232 
143 233 63 80 231 
144 231 80 66 234 
145 232 231 234 50 
146 80 237 235 236 
147 237 79 125 235 
148 236 235 238 66 
149 125 241 239 240 
150 241 124 200 239 
151 200 245 243 244 
152 245 199 216 243 
153 243 216 202 246 
154 6 222 247 248 
155 222 18 45 247 
156 247 45 28 249 
157 248 247 249 29 
158 18 226 250 251 
159 226 34 61 250 
160 250 61 44 252 
161 251 250 252 45 
162 34 230 253 254 
163 230 50 77 253 
164 253 77 60 255 
165 254 253 255 61 
166 50 234 256 257 
167 234 66 113 256 
168 256 113 76 258 
169 257 256 258 77 
170 66 238 259 260 
171 259 157 112 261 
172 260 259 261 113 
173 262 213 156 264 
174 263 262 264 157 
175 239 267 265 266 
176 267 200 244 265 
177 246 202 271 269 
178 269 271 212 272 
179 270 269 272 213 
180 244 275 273 274 
181 275 243 276 273 
182 273 276 246 277 
183 274 273 277 127 
184 278 270 213 280 
185 279 278 280 262 
186 265 283 281 282 
187 283 244 274 281 
188 281 274 127 284 
189 235 287 285 286 
190 287 125 240 285 
191 285 240 82 288 
192 286 285 288 238 
193 240 291 289 290 
194 291 239 266 289 
195 289 266 242 292 
196 290 289 292 82 
197 266 295 293 294 
198 295 265 282 293 
199 293 282 268 296 
200 294 293 296 242 
201 284 127 299 297 
202 297 299 270 300 
203 298 297 300 278 
204 282 303 301 302 
205 303 281 304 301 
206 301 304 284 305 
207 302 301 305 268 
208 238 288 306 307 
209 288 82 263 306 
210 306 263 157 308 
211 307 306 308 259 
212 82 292 309 310 
213 292 242 279 309 
214 309 279 262 311 
215 310 309 311 263 
216 242 296 312 313 
217 296 268 298 312 
218 312 298 278 314 
219 313 312 314 279 
220 268 305 315 316 
221 305 284 317 315 
222 315 317 297 318 
223 316 315 318 298 
224 127 277 319 299 
225 277 246 320 319 
226 319 320 269 321 
227 299 319 321 270 
228 202 218 322 271 
229 218 5 323 322 
230 322 323 160 324 
231 271 322 324 212 
232 5 206 325 323 
233 206 131 188 325 
234 325 188 159 326 
235 323 325 326 160 
236 131 211 327 328 
237 211 165 329 327 
238 327 329 187 330 
239 328 327 330 188 
240 162 332 331 210 
241 332 152 171 331 
242 331 171 91 333 
243 210 331 333 165 
244 171 336 334 335 
245 336 170 195 334 
246 334 195 174 337 
247 335 334 337 91 
248 75 178 338 149 
249 178 111 339 338 
250 338 339 144 340 
251 149 338 340 117 
252 123 182 341 168 
253 182 75 342 341 
254 341 342 149 343 
255 168 341 343 147 
256 186 123 345 344 
257 344 345 168 346 
258 192 344 346 166 
259 174 198 347 348 
260 198 155 349 347 
261 347 349 192 350 
262 348 347 350 190 
263 195 353 351 352 
264 353 194 354 351 
265 351 354 198 355 
266 352 351 355 174 
267 173 357 356 197 
268 357 183 358 356 
269 356 358 186 359 
270 197 356 359 155 
271 194 361 360 354 
272 361 197 362 360 
273 360 362 155 363 
274 354 360 363 198 
275 59 365 364 145 
276 365 107 366 364 
277 364 366 141 367 
278 145 364 367 85 
279 43 369 368 142 
280 369 103 370 368 
281 368 370 138 371 
282 142 368 371 69 
283 373 43 374 372 
284 372 374 142 375 
285 366 372 375 141 
286 58 377 376 106 
287 377 100 378 376 
288 376 378 103 369 
289 106 376 369 43 
290 104 381 379 380 
291 381 106 382 379 
292 379 382 43 373 
293 380 379 373 107 
294 107 385 383 384 
295 385 373 386 383 
296 383 386 372 387 
297 384 383 387 366 
298 74 389 388 110 
299 389 104 380 388 
300 388 380 107 365 
301 110 388 365 59 
302 165 333 390 329 
303 333 91 191 390 
304 390 191 167 391 
305 329 390 391 187 
306 91 337 392 393 
307 337 174 348 392 
308 392 348 190 394 
309 393 392 394 191 
310 155 359 395 349 
311 359 186 396 395 
312 395 396 344 397 
313 349 395 397 192 
