2 0.000000 100.000000 747.808936
392 310 
1 -50.000000 0.000000 -50.091361 99.998423 -0.000000 0.000199 0.000032 
2 52.000000 0.000000 -50.091361 99.998411 -0.000000 -0.009161 0.000032 
3 52.000000 0.000000 50.148507 100.001522 0.000000 -0.009312 -0.000030 
4 -50.000000 0.000000 50.148507 100.001511 0.000000 0.000383 -0.000030 
5 1.000000 0.000000 0.028573 106.724217 0.000682 -1.182488 -0.139146 
6 -50.000000 0.000000 0.028573 99.999661 0.000000 0.002157 0.000007 
7 1.000000 0.000000 -50.091361 99.995671 -0.000000 -0.004456 0.000087 
8 52.000000 0.000000 0.028573 99.999673 0.000000 -1.270747 -0.000155 
9 1.000000 0.000000 50.148507 100.004674 0.000000 -0.004446 -0.000093 
10 26.500000 0.000000 -25.031394 99.993527 -0.000000 -0.035445 0.000129 
11 1.000000 0.000000 -25.031394 99.983588 -0.000000 -0.017282 0.000328 
12 26.500000 0.000000 -50.091361 99.996847 -0.000000 -0.007971 0.000063 
13 52.000000 0.000000 -25.031394 99.998279 -0.000000 -0.036167 0.000034 
14 26.500000 0.000000 0.028573 99.997457 0.000000 -1.277286 -0.000112 
15 -24.500000 0.000000 -25.031394 99.993630 -0.000000 0.000451 0.000127 
16 -50.000000 0.000000 -25.031394 99.998296 -0.000000 0.001149 0.000034 
17 -24.500000 0.000000 -50.091361 99.996869 0.000000 -0.000971 0.000063 
18 -24.500000 0.000000 0.028573 99.997330 -0.000000 0.008538 0.000053 
19 26.500000 0.000000 25.088540 100.005946 0.000000 -0.036638 -0.000119 
20 1.000000 0.000000 25.088540 100.019123 0.000000 -0.017244 -0.000383 
21 52.000000 0.000000 25.088540 100.001378 0.000000 -0.036214 -0.000028 
22 26.500000 0.000000 50.148507 100.003241 0.000000 -0.008247 -0.000065 
23 13.750000 0.000000 -12.501411 99.973566 -0.000000 -0.126877 0.000527 
24 1.000000 0.000000 -12.501411 99.942508 -0.000000 -0.062580 0.001149 
25 13.750000 0.000000 -25.031394 99.987643 -0.000000 -0.030492 0.000247 
26 26.500000 0.000000 -12.501411 99.992487 -0.000000 -0.131707 0.000149 
27 13.750000 0.000000 0.028573 99.981966 0.000000 -1.303022 0.000191 
28 -24.500000 0.000000 25.088540 100.005858 -0.000000 0.001914 -0.000117 
29 -50.000000 0.000000 25.088540 100.001357 -0.000000 0.001439 -0.000027 
30 -24.500000 0.000000 50.148507 100.003223 -0.000000 -0.000664 -0.000064 
31 -11.750000 0.000000 -12.501411 99.974436 -0.000000 -0.000739 0.000511 
32 -24.500000 0.000000 -12.501411 99.992603 -0.000000 0.003997 0.000148 
33 -11.750000 0.000000 -25.031394 99.987844 -0.000000 -0.004332 0.000243 
34 -11.750000 0.000000 0.028573 99.980202 -0.000000 0.033141 0.000396 
35 13.750000 0.000000 12.558556 100.022494 0.000000 -0.136078 -0.000452 
36 1.000000 0.000000 12.558556 100.077878 0.000000 -0.062882 -0.001559 
37 26.500000 0.000000 12.558556 100.004851 0.000000 -0.132306 -0.000099 
38 13.750000 0.000000 25.088540 100.013036 0.000000 -0.032665 -0.000261 
39 7.375000 0.000000 -6.236419 99.890541 -0.000000 -0.369020 0.002174 
40 1.000000 0.000000 -6.236419 99.838262 -0.000000 -0.177956 0.003229 
41 7.375000 0.000000 -12.501411 99.953506 -0.000000 -0.106571 0.000929 
42 13.750000 0.000000 -6.236419 99.966254 -0.000000 -0.390185 0.000660 
43 7.375000 0.000000 0.028573 99.895525 0.000000 -1.399856 0.001892 
44 -11.750000 0.000000 12.558556 100.021867 0.000000 0.010579 -0.000437 
45 -24.500000 0.000000 12.558556 100.004664 0.000000 0.006304 -0.000093 
46 -11.750000 0.000000 25.088540 100.012922 0.000000 -0.001931 -0.000258 
47 -5.375000 0.000000 -6.236419 99.902858 -0.000000 -0.018348 0.001942 
48 -11.750000 0.000000 -6.236419 99.966844 -0.000000 0.011437 0.000663 
49 -5.375000 0.000000 -12.501411 99.955278 -0.000000 -0.019748 0.000894 
50 -5.375000 0.000000 0.028573 99.877393 -0.000000 0.120515 0.002449 
51 7.375000 0.000000 6.293564 100.073529 0.000000 -0.422138 -0.001489 
52 1.000000 0.000000 6.293564 100.299757 0.000000 -0.187336 -0.006008 
53 13.750000 0.000000 6.293564 100.014524 0.000000 -0.398626 -0.000306 
54 7.375000 0.000000 12.558556 100.051688 0.000000 -0.123303 -0.001036 
55 4.187500 0.000000 -3.103923 99.662202 -0.000000 -0.660127 0.006701 
56 1.000000 0.000000 -3.103923 99.703686 -0.000000 -0.310357 0.005908 
57 4.187500 0.000000 -6.236419 99.845907 -0.000000 -0.288331 0.003071 
58 7.375000 0.000000 -3.103923 99.855656 -0.000000 -0.787228 0.002823 
59 4.187500 0.000000 0.028573 99.541465 0.000000 -1.717704 0.008855 
60 -5.375000 0.000000 6.293564 100.076826 0.000000 0.061618 -0.001537 
61 -11.750000 0.000000 6.293564 100.012943 0.000000 0.029136 -0.000259 
62 -5.375000 0.000000 12.558556 100.051210 0.000000 -0.001980 -0.001024 
63 -2.187500 0.000000 -3.103923 99.707989 -0.000000 -0.130283 0.005830 
64 -5.375000 0.000000 -3.103923 99.857315 -0.000000 0.015708 0.002852 
65 -2.187500 0.000000 -6.236419 99.860284 -0.000000 -0.084348 0.002792 
66 -2.187500 0.000000 0.028573 99.403070 -0.000000 0.404770 0.011887 
67 4.187500 0.000000 3.161069 100.242323 0.000000 -1.023821 -0.004957 
68 1.000000 0.000000 3.161069 101.001430 0.000000 -0.416186 -0.020146 
69 7.375000 0.000000 3.161069 100.029775 0.000000 -0.868969 -0.000671 
70 4.187500 0.000000 6.293564 100.193028 0.000000 -0.394690 -0.003880 
71 2.593750 0.000000 -1.537675 99.143562 -0.000000 -0.618473 0.017017 
72 1.000000 0.000000 -1.537675 99.903464 -0.000000 -0.134115 0.001928 
73 2.593750 0.000000 -3.103923 99.598547 -0.000000 -0.461047 0.007992 
74 4.187500 0.000000 -1.537675 99.485088 -0.000000 -1.095914 0.010152 
75 2.593750 0.000000 0.028573 89.596218 0.001237 -4.483065 0.195242 
76 -2.187500 0.000000 3.161069 100.250410 0.000000 0.313960 -0.005024 
77 -5.375000 0.000000 3.161069 100.019296 0.000000 0.136812 -0.000388 
78 -2.187500 0.000000 6.293564 100.195416 0.000000 0.027720 -0.003912 
79 -0.593750 0.000000 -1.537675 99.489040 -0.000000 -0.646154 0.010151 
80 -2.187500 0.000000 -1.537675 99.489043 -0.000000 -0.066605 0.010193 
81 -0.593750 0.000000 -3.103923 99.703043 -0.000000 -0.270982 0.005923 
82 -0.593750 0.000000 0.028573 83.340105 -0.000051 3.455492 0.304249 
83 2.593750 0.000000 1.594821 100.671273 0.000000 -2.145498 -0.013931 
84 1.000000 0.000000 1.594821 102.716000 0.000000 -0.848773 -0.055130 
85 4.187500 0.000000 1.594821 100.015831 0.000000 -1.564333 -0.000561 
86 2.593750 0.000000 3.161069 100.632767 0.000000 -0.987181 -0.012793 
87 1.796875 0.000000 -0.754551 94.721480 0.000873 -3.163274 0.101783 
88 1.000000 0.000000 -0.754551 102.775401 0.000489 4.962940 -0.058741 
89 1.796875 0.000000 -1.537675 99.347830 -0.000000 -0.149697 0.012999 
90 2.593750 0.000000 -0.754551 98.477155 -0.000000 -0.975391 0.030130 
91 1.796875 0.000000 0.028573 99.163658 0.000570 -7.813216 0.010552 
92 39.250000 0.000000 -12.501411 99.997248 -0.000000 -0.130371 0.000053 
93 39.250000 0.000000 -25.031394 99.996771 -0.000000 -0.036277 0.000064 
94 52.000000 0.000000 -12.501411 99.998741 -0.000000 -0.129403 0.000024 
95 39.250000 0.000000 0.028573 99.999229 0.000000 -1.272444 -0.000146 
96 20.125000 0.000000 -6.236419 99.987004 -0.000000 -0.387501 0.000245 
97 20.125000 0.000000 -12.501411 99.986223 -0.000000 -0.131526 0.000274 
98 26.500000 0.000000 -6.236419 99.993940 -0.000000 -0.384318 0.000106 
99 20.125000 0.000000 0.028573 99.994166 0.000000 -1.284040 -0.000048 
100 10.562500 0.000000 -3.103923 99.935857 -0.000000 -0.793541 0.001219 
101 10.562500 0.000000 -6.236419 99.941184 -0.000000 -0.385823 0.001161 
102 13.750000 0.000000 -3.103923 99.969481 -0.000000 -0.780564 0.000549 
103 10.562500 0.000000 0.028573 99.960142 0.000000 -1.336662 0.000618 
104 5.781250 0.000000 -1.537675 99.738844 -0.000000 -1.143735 0.005085 
105 5.781250 0.000000 -3.103923 99.772832 -0.000000 -0.757816 0.004481 
106 7.375000 0.000000 -1.537675 99.856433 -0.000000 -1.129913 0.002742 
107 5.781250 0.000000 0.028573 99.800331 0.000000 -1.489313 0.003768 
108 3.390625 0.000000 -0.754551 99.097461 -0.000000 -1.391120 0.017776 
109 3.390625 0.000000 -1.537675 99.293555 -0.000000 -0.956705 0.013987 
110 4.187500 0.000000 -0.754551 99.446128 -0.000000 -1.425341 0.010844 
111 3.390625 0.000000 0.028573 99.199199 0.000000 -1.981372 0.015559 
112 -0.593750 0.000000 1.594821 100.891755 0.000000 1.310577 -0.018086 
113 -2.187500 0.000000 1.594821 99.978508 0.000000 0.610013 0.000393 
114 -0.593750 0.000000 3.161069 100.691703 0.000000 0.238153 -0.013888 
115 1.796875 0.000000 0.811697 95.262512 0.001084 -6.488203 0.088296 
116 1.000000 0.000000 0.811697 112.042500 0.000999 -6.278294 -0.259294 
117 2.593750 0.000000 0.811697 99.947208 0.000000 -3.087883 0.000102 
118 1.796875 0.000000 1.594821 101.726628 0.000000 -2.080131 -0.035263 
119 2.195312 0.000000 -0.362989 93.962802 0.000933 -3.466972 0.115897 
120 1.796875 0.000000 -0.362989 96.920613 0.000885 -3.271985 0.059569 
121 2.195312 0.000000 -0.754551 88.149529 0.001362 -2.315778 0.222430 
122 2.593750 0.000000 -0.362989 89.648387 0.001234 -4.422960 0.194360 
123 2.195312 0.000000 0.028573 94.559283 0.000984 -4.242396 0.104054 
124 0.203125 0.000000 -0.754551 87.440951 0.000202 -0.252154 0.235402 
125 -0.593750 0.000000 -0.754551 98.653848 -0.000000 -1.136997 0.026613 
126 0.203125 0.000000 -1.537675 99.954775 -0.000000 -0.640509 0.000863 
127 0.203125 0.000000 0.028573 98.368634 0.000215 7.317361 0.027007 
128 1.398438 0.000000 -0.362989 99.776346 0.000832 -2.805065 0.003681 
129 1.000000 0.000000 -0.362989 106.395956 0.000681 -0.950109 -0.132100 
130 1.398438 0.000000 -0.754551 101.558558 0.000470 2.081959 -0.031848 
131 1.398438 0.000000 0.028573 102.069728 0.000823 -3.013037 -0.042731 
132 39.250000 0.000000 12.558556 100.001607 0.000000 -0.129362 -0.000034 
133 52.000000 0.000000 12.558556 100.000704 0.000000 -0.128017 -0.000016 
134 39.250000 0.000000 25.088540 100.002717 0.000000 -0.036669 -0.000054 
135 20.125000 0.000000 6.293564 100.004324 0.000000 -0.384355 -0.000101 
136 26.500000 0.000000 6.293564 100.001771 0.000000 -0.378332 -0.000050 
137 20.125000 0.000000 12.558556 100.009851 0.000000 -0.134744 -0.000199 
138 10.562500 0.000000 3.161069 100.005004 0.000000 -0.806299 -0.000165 
139 13.750000 0.000000 3.161069 99.999966 0.000000 -0.773108 -0.000059 
140 10.562500 0.000000 6.293564 100.031813 0.000000 -0.412184 -0.000653 
141 5.781250 0.000000 1.594821 99.959513 0.000000 -1.287022 0.000644 
142 7.375000 0.000000 1.594821 99.965072 0.000000 -1.173508 0.000561 
143 5.781250 0.000000 3.161069 100.083955 0.000000 -0.937129 -0.001768 
144 3.390625 0.000000 0.811697 99.733548 0.000000 -2.144515 0.004862 
145 4.187500 0.000000 0.811697 99.776039 0.000000 -1.745389 0.004170 
146 3.390625 0.000000 1.594821 100.184429 0.000000 -1.824494 -0.004025 
147 2.195312 0.000000 0.420135 94.655012 0.001025 -5.129890 0.101411 
148 1.796875 0.000000 0.420135 97.648667 0.000930 -4.434848 0.044507 
149 2.593750 0.000000 0.420135 88.668502 0.001362 -6.468562 0.209605 
150 2.195312 0.000000 0.811697 88.125885 0.001299 -9.455572 0.214442 
151 1.996094 0.000000 -0.167208 95.900581 0.000945 -3.896679 0.078789 
152 1.796875 0.000000 -0.167208 96.849247 0.000891 -3.435378 0.060842 
153 1.996094 0.000000 -0.362989 95.413190 0.000910 -3.427118 0.088458 
154 2.195312 0.000000 -0.167208 94.593588 0.000979 -4.128008 0.103501 
155 1.996094 0.000000 0.028573 85.142486 0.001360 -4.437805 0.273106 
156 0.203125 0.000000 0.811697 86.548136 -0.000136 14.524657 0.229845 
157 -0.593750 0.000000 0.811697 99.915309 0.000000 2.680817 0.000974 
158 0.203125 0.000000 1.594821 102.229819 0.000000 0.869121 -0.045169 
159 1.398438 0.000000 0.420135 100.195186 0.000867 -3.534059 -0.005156 
160 1.000000 0.000000 0.420135 107.170130 0.000662 -0.084690 -0.148544 
161 1.398438 0.000000 0.811697 107.051989 0.001035 -9.746719 -0.155513 
162 1.597656 0.000000 -0.167208 98.651950 0.000777 -2.118066 0.026331 
163 1.398438 0.000000 -0.167208 100.205813 0.000697 -0.934961 -0.004208 
164 1.597656 0.000000 -0.362989 98.247292 0.000864 -3.290897 0.033664 
165 1.597656 0.000000 0.028573 100.624237 0.000765 -4.026008 -0.014145 
166 1.996094 0.000000 0.224354 96.085291 0.000949 -4.200146 0.074998 
167 1.796875 0.000000 0.224354 97.623932 0.000909 -3.978018 0.045374 
168 2.195312 0.000000 0.224354 94.729338 0.000979 -4.344115 0.100748 
169 1.996094 0.000000 0.420135 96.122884 0.000979 -4.801453 0.073734 
170 1.896484 0.000000 -0.069318 96.048183 0.000859 -1.194769 0.077332 
171 1.796875 0.000000 -0.069318 97.388638 0.000708 -0.854426 0.051472 
172 1.896484 0.000000 -0.167208 96.218117 0.000928 -3.854878 0.072721 
173 1.996094 0.000000 -0.069318 95.858270 0.000949 -3.977754 0.079537 
174 1.896484 0.000000 0.028573 95.347938 0.000995 -6.125085 0.087125 
175 2.992188 0.000000 -0.362989 98.704680 -0.000000 -1.718649 0.025443 
176 2.992188 0.000000 -0.754551 98.818724 -0.000000 -1.278597 0.023322 
177 3.390625 0.000000 -0.362989 99.084092 -0.000000 -1.695646 0.017947 
178 2.992188 0.000000 0.028573 98.842429 -0.000000 -2.223668 0.022523 
179 2.394531 0.000000 -0.167208 93.312408 0.001008 -4.302729 0.127428 
180 2.394531 0.000000 -0.362989 91.828372 0.001068 -4.356657 0.154857 
181 2.593750 0.000000 -0.167208 89.603133 0.001237 -4.448633 0.195149 
182 2.394531 0.000000 0.028573 93.291498 0.001012 -4.375950 0.127755 
183 2.095703 0.000000 -0.069318 94.676634 0.000974 -4.172300 0.101893 
184 2.095703 0.000000 -0.167208 94.717981 0.000970 -4.106343 0.101164 
185 2.195312 0.000000 -0.069318 94.549804 0.000983 -4.183747 0.104283 
186 2.095703 0.000000 0.028573 94.690245 0.000976 -4.242990 0.101575 
187 1.597656 0.000000 0.224354 99.867689 0.000930 -4.861947 0.000281 
188 1.398438 0.000000 0.224354 102.098481 0.000959 -4.992218 -0.044902 
189 1.597656 0.000000 0.420135 98.607603 0.000895 -3.995523 0.026058 
190 1.896484 0.000000 0.126463 96.303506 0.000935 -4.137258 0.070852 
191 1.796875 0.000000 0.126463 98.319831 0.000834 -6.106543 0.029592 
192 1.996094 0.000000 0.126463 95.958875 0.000951 -4.140184 0.077475 
193 1.896484 0.000000 0.224354 96.411500 0.000935 -4.207446 0.068712 
194 1.946289 0.000000 -0.020373 92.849481 0.001683 -2.183933 0.137420 
195 1.896484 0.000000 -0.020373 94.872852 0.001095 -2.842293 0.099106 
196 1.946289 0.000000 -0.069318 96.015496 0.000940 -3.963776 0.076531 
197 1.996094 0.000000 -0.020373 84.325610 0.001424 -3.445844 0.287732 
198 1.946289 0.000000 0.028573 93.764434 0.001350 -7.581543 0.115075 
199 0.601562 0.000000 -0.362989 98.919222 0.000401 1.815347 0.021169 
200 0.203125 0.000000 -0.362989 94.899310 0.000253 2.354928 0.098858 
201 0.601562 0.000000 -0.754551 105.957645 0.000795 -3.081800 -0.123652 
202 0.601562 0.000000 0.028573 102.921934 0.000492 2.064273 -0.059719 
203 1.199219 0.000000 -0.167208 101.667150 0.000709 -0.660822 -0.033665 
204 1.000000 0.000000 -0.167208 105.542846 0.000600 0.214561 -0.113934 
205 1.199219 0.000000 -0.362989 102.363008 0.000784 -2.141829 -0.048277 
206 1.199219 0.000000 0.028573 103.448405 0.000813 -2.107979 -0.070602 
207 1.498047 0.000000 -0.069318 100.208918 0.000573 0.183065 -0.004186 
208 1.398438 0.000000 -0.069318 100.837493 0.000699 -1.006836 -0.016921 
209 1.498047 0.000000 -0.167208 99.546368 0.000742 -1.777191 0.008736 
210 1.597656 0.000000 -0.069318 99.517499 0.000645 -1.392710 0.009433 
211 1.498047 0.000000 0.028573 101.602531 0.000878 -4.301749 -0.034158 
212 0.601562 0.000000 0.420135 99.521272 0.000385 2.652613 0.008848 
213 0.203125 0.000000 0.420135 95.871801 0.000252 3.822372 0.079399 
214 0.601562 0.000000 0.811697 112.728649 0.000374 9.293311 -0.279411 
215 0.800781 0.000000 -0.167208 101.296280 0.000524 1.648333 -0.026365 
216 0.601562 0.000000 -0.167208 100.845781 0.000541 1.637491 -0.017255 
217 0.800781 0.000000 -0.362989 104.932839 0.000516 0.118815 -0.101091 
218 0.800781 0.000000 0.028573 103.199224 0.000543 0.925265 -0.065094 
219 -37.250000 0.000000 -12.501411 99.997273 -0.000000 0.002726 0.000055 
220 -50.000000 0.000000 -12.501411 99.998749 0.000000 0.001782 0.000025 
221 -37.250000 0.000000 -25.031394 99.996811 -0.000000 0.001258 0.000064 
222 -37.250000 0.000000 0.028573 99.999200 -0.000000 0.003823 0.000016 
223 -18.125000 0.000000 -6.236419 99.987112 -0.000000 0.009570 0.000258 
224 -24.500000 0.000000 -6.236419 99.993961 -0.000000 0.006634 0.000121 
225 -18.125000 0.000000 -12.501411 99.986528 -0.000000 0.003769 0.000269 
226 -18.125000 0.000000 0.028573 99.993790 -0.000000 0.015047 0.000124 
227 -8.562500 0.000000 -3.103923 99.934227 -0.000000 0.033485 0.001315 
228 -11.750000 0.000000 -3.103923 99.968984 -0.000000 0.022632 0.000620 
229 -8.562500 0.000000 -6.236419 99.943035 -0.000000 0.006235 0.001139 
230 -8.562500 0.000000 0.028573 99.955507 -0.000000 0.063381 0.000889 
231 -3.781250 0.000000 -1.537675 99.726468 -0.000000 0.053122 0.005463 
232 -5.375000 0.000000 -1.537675 99.847681 -0.000000 0.062501 0.003044 
233 -3.781250 0.000000 -3.103923 99.784223 -0.000000 -0.024960 0.004311 
234 -3.781250 0.000000 0.028573 99.759677 -0.000000 0.200594 0.004797 
235 -1.390625 0.000000 -0.754551 98.986112 -0.000000 -0.105641 0.020174 
236 -2.187500 0.000000 -0.754551 99.370265 -0.000000 0.107656 0.012554 
237 -1.390625 0.000000 -1.537675 99.374030 -0.000000 -0.285202 0.012472 
238 -1.390625 0.000000 0.028573 98.842268 -0.000000 0.635282 0.022980 
239 -0.195312 0.000000 -0.362989 89.192131 0.000124 2.406467 0.203897 
240 -0.593750 0.000000 -0.362989 77.017948 -0.000175 2.005802 0.406421 
241 -0.195312 0.000000 -0.754551 78.420661 -0.000028 -4.078440 0.383357 
242 -0.195312 0.000000 0.028573 89.910007 0.000108 3.562791 0.190350 
243 0.402344 0.000000 -0.167208 100.082931 0.000519 0.960181 -0.001751 
244 0.203125 0.000000 -0.167208 97.784067 0.000367 -0.226525 0.043822 
245 0.402344 0.000000 -0.362989 97.242373 0.000323 2.257000 0.053883 
246 0.402344 0.000000 0.028573 101.817978 0.000371 4.018940 -0.038305 
247 -37.250000 0.000000 12.558556 100.001552 -0.000000 0.003335 -0.000031 
248 -50.000000 0.000000 12.558556 100.000684 0.000000 0.001997 -0.000014 
249 -37.250000 0.000000 25.088540 100.002672 -0.000000 0.001902 -0.000053 
250 -18.125000 0.000000 6.293564 100.003786 -0.000000 0.014377 -0.000076 
251 -24.500000 0.000000 6.293564 100.001567 -0.000000 0.008346 -0.000031 
252 -18.125000 0.000000 12.558556 100.009487 -0.000000 0.008849 -0.000190 
253 -8.562500 0.000000 3.161069 100.000156 0.000000 0.071236 -0.000004 
254 -11.750000 0.000000 3.161069 99.997877 0.000000 0.035734 0.000042 
255 -8.562500 0.000000 6.293564 100.029254 0.000000 0.043971 -0.000585 
256 -3.781250 0.000000 1.594821 99.928296 0.000000 0.275510 0.001426 
257 -5.375000 0.000000 1.594821 99.947853 0.000000 0.151535 0.001040 
258 -3.781250 0.000000 3.161069 100.073297 0.000000 0.214176 -0.001471 
259 -1.390625 0.000000 0.811697 99.552368 0.000000 1.163763 0.008797 
260 -2.187500 0.000000 0.811697 99.669558 0.000000 0.620835 0.006559 
261 -1.390625 0.000000 1.594821 100.192498 0.000000 0.947928 -0.003944 
262 -0.195312 0.000000 0.420135 90.173609 0.000068 4.788977 0.184579 
263 -0.593750 0.000000 0.420135 72.367351 -0.000293 6.898395 0.471538 
264 -0.195312 0.000000 0.811697 77.813306 -0.000215 28.488681 0.313348 
265 0.003906 0.000000 -0.167208 92.658332 0.000190 2.569202 0.140783 
266 -0.195312 0.000000 -0.167208 90.067907 0.000119 2.866652 0.187955 
267 0.003906 0.000000 -0.362989 92.154120 0.000187 2.414880 0.150179 
268 0.003906 0.000000 0.028573 52.352993 -0.000253 30.897786 0.630449 
269 0.402344 0.000000 0.224354 102.021543 0.000299 4.900401 -0.043241 
270 0.203125 0.000000 0.224354 95.810918 0.000256 3.694248 0.080662 
271 0.601562 0.000000 0.224354 103.260225 0.000407 2.314653 -0.066803 
272 0.402344 0.000000 0.420135 98.175600 0.000346 2.996897 0.035257 
273 0.302734 0.000000 -0.069318 101.901028 0.000615 -1.630451 -0.038648 
274 0.203125 0.000000 -0.069318 104.560747 0.000650 -7.235668 -0.098530 
275 0.302734 0.000000 -0.167208 98.534364 0.000433 0.990603 0.029000 
276 0.402344 0.000000 -0.069318 100.658073 0.000553 0.871928 -0.013281 
277 0.302734 0.000000 0.028573 100.227292 0.000343 3.856993 -0.006039 
278 0.003906 0.000000 0.224354 93.000054 0.000176 4.098886 0.133419 
279 -0.195312 0.000000 0.224354 90.338541 0.000109 4.237212 0.182099 
280 0.003906 0.000000 0.420135 93.157693 0.000159 4.410358 0.130219 
281 0.103516 0.000000 -0.069318 103.628792 0.000341 -16.471121 -0.101022 
282 0.003906 0.000000 -0.069318 92.786610 0.000025 -10.481645 0.128078 
283 0.103516 0.000000 -0.167208 93.501301 0.000209 2.570572 0.125090 
284 0.103516 0.000000 0.028573 96.045254 0.000132 13.053422 0.060492 
285 -0.992188 0.000000 -0.362989 98.273279 -0.000000 -0.028018 0.034236 
286 -1.390625 0.000000 -0.362989 98.816931 -0.000000 0.200492 0.023517 
287 -0.992188 0.000000 -0.754551 98.743200 -0.000000 -0.448325 0.024958 
288 -0.992188 0.000000 0.028573 98.167848 -0.000000 0.832721 0.036238 
289 -0.394531 0.000000 -0.167208 87.337372 0.000047 3.091931 0.236262 
290 -0.593750 0.000000 -0.167208 80.300134 -0.000057 1.098223 0.355068 
291 -0.394531 0.000000 -0.362989 85.653236 0.000051 2.029722 0.265940 
292 -0.394531 0.000000 0.028573 87.221161 0.000040 3.638714 0.237923 
293 -0.095703 0.000000 -0.069318 90.915672 0.000147 3.191260 0.172416 
294 -0.195312 0.000000 -0.069318 89.915121 0.000112 3.188426 0.190510 
295 -0.095703 0.000000 -0.167208 90.463999 0.000127 2.798531 0.180843 
296 -0.095703 0.000000 0.028573 91.354626 0.000138 3.316873 0.164333 
297 0.103516 0.000000 0.126463 98.273410 0.000112 15.413652 0.010476 
298 0.003906 0.000000 0.126463 92.718523 0.000175 3.781185 0.138898 
299 0.203125 0.000000 0.126463 102.933908 0.000153 12.860478 -0.076078 
300 0.103516 0.000000 0.224354 93.852823 0.000193 4.134617 0.117455 
301 0.053711 0.000000 -0.020373 95.056193 -0.000003 -18.749848 0.061276 
302 0.003906 0.000000 -0.020373 55.158914 -0.000512 -36.236757 0.564439 
303 0.053711 0.000000 -0.069318 95.602339 0.000032 -17.708096 0.054662 
304 0.103516 0.000000 -0.020373 97.712889 0.000248 -5.404280 0.042299 
305 0.053711 0.000000 0.028573 89.718135 0.000029 26.579153 0.124420 
306 -0.992188 0.000000 0.420135 98.756638 0.000000 1.574846 0.024465 
307 -1.390625 0.000000 0.420135 99.131054 -0.000000 1.010651 0.017201 
308 -0.992188 0.000000 0.811697 99.566100 0.000000 1.722085 0.008363 
309 -0.394531 0.000000 0.224354 87.503066 0.000040 4.185909 0.232569 
310 -0.593750 0.000000 0.224354 80.821374 -0.000155 5.244800 0.344040 
311 -0.394531 0.000000 0.420135 86.510076 -0.000032 5.116421 0.248983 
312 -0.095703 0.000000 0.126463 91.535392 0.000137 3.713060 0.160749 
313 -0.195312 0.000000 0.126463 90.062615 0.000107 3.930634 0.187328 
314 -0.095703 0.000000 0.224354 91.845601 0.000140 4.025950 0.154818 
315 0.053711 0.000000 0.077518 91.324815 0.000037 25.586028 0.100513 
316 0.003906 0.000000 0.077518 88.914046 0.000075 18.571286 0.174940 
317 0.103516 0.000000 0.077518 101.449718 0.000008 31.728834 -0.129876 
318 0.053711 0.000000 0.126463 95.355158 0.000133 11.728739 0.076983 
319 0.302734 0.000000 0.126463 109.233081 0.000142 12.213624 -0.208104 
320 0.402344 0.000000 0.126463 103.182563 0.000287 5.345639 -0.067522 
321 0.302734 0.000000 0.224354 99.557666 0.000248 5.572081 0.005722 
322 0.800781 0.000000 0.224354 103.579043 0.000519 0.295399 -0.072871 
323 1.000000 0.000000 0.224354 107.685439 0.000737 -2.178247 -0.160090 
324 0.800781 0.000000 0.420135 107.785378 0.000639 2.843509 -0.162577 
325 1.199219 0.000000 0.224354 103.732869 0.000919 -3.812878 -0.077505 
326 1.199219 0.000000 0.420135 104.255718 0.000716 -2.675093 -0.087641 
327 1.498047 0.000000 0.126463 102.107533 0.000989 -5.956180 -0.046142 
328 1.398438 0.000000 0.126463 102.601994 0.000953 -4.786267 -0.055008 
329 1.597656 0.000000 0.126463 100.903832 0.000953 -6.549843 -0.022448 
330 1.498047 0.000000 0.224354 100.579487 0.000927 -4.735089 -0.013865 
331 1.697266 0.000000 -0.069318 98.504420 0.000641 -1.192324 0.029546 
332 1.697266 0.000000 -0.167208 97.864102 0.000879 -3.515813 0.041026 
333 1.697266 0.000000 0.028573 99.574196 0.000679 -4.721090 0.006269 
334 1.846680 0.000000 -0.020373 97.155187 0.000599 -1.945792 0.055708 
335 1.796875 0.000000 -0.020373 97.764216 0.000539 0.103651 0.044215 
336 1.846680 0.000000 -0.069318 96.518027 0.000736 0.326540 0.068416 
337 1.846680 0.000000 0.028573 97.839061 0.000524 -6.576118 0.038427 
338 2.992188 0.000000 0.420135 99.268738 0.000000 -2.529883 0.013932 
339 3.390625 0.000000 0.420135 99.441109 0.000000 -2.143705 0.010687 
340 2.992188 0.000000 0.811697 99.762028 0.000000 -2.513176 0.004122 
341 2.394531 0.000000 0.224354 93.396069 0.001007 -4.445741 0.125741 
342 2.593750 0.000000 0.224354 89.634381 0.001234 -4.517816 0.194527 
343 2.394531 0.000000 0.420135 91.931520 0.001063 -4.570161 0.152771 
344 2.095703 0.000000 0.126463 94.759766 0.000975 -4.309423 0.100202 
345 2.195312 0.000000 0.126463 94.623312 0.000983 -4.297658 0.102796 
346 2.095703 0.000000 0.224354 94.870268 0.000972 -4.363951 0.098059 
347 1.946289 0.000000 0.077518 96.072811 0.000943 -4.099866 0.075321 
348 1.896484 0.000000 0.077518 96.951830 0.000743 -7.377122 0.054592 
349 1.996094 0.000000 0.077518 95.911180 0.000951 -4.103236 0.078421 
350 1.946289 0.000000 0.126463 96.118758 0.000943 -4.140044 0.074404 
351 1.921387 0.000000 0.004100 93.362227 0.001458 -4.684151 0.126155 
352 1.896484 0.000000 0.004100 94.991803 0.001065 -4.359453 0.095755 
353 1.921387 0.000000 -0.020373 93.760336 0.001418 -2.439933 0.120305 
354 1.946289 0.000000 0.004100 88.764212 0.001685 -4.616382 0.209960 
355 1.921387 0.000000 0.028573 94.185534 0.001232 -6.413846 0.108795 
356 2.045898 0.000000 -0.020373 95.728683 0.000957 -4.028437 0.081979 
357 2.045898 0.000000 -0.069318 95.729581 0.000956 -3.989052 0.081993 
358 2.095703 0.000000 -0.020373 94.676095 0.000976 -4.207597 0.101873 
359 2.045898 0.000000 0.028573 95.745088 0.000958 -4.067269 0.081634 
360 1.971191 0.000000 0.004100 82.598936 0.001608 -4.606499 0.315620 
361 1.971191 0.000000 -0.020373 85.672404 0.001595 -3.295350 0.264938 
362 1.996094 0.000000 0.004100 82.145401 0.001484 -4.237696 0.323418 
363 1.971191 0.000000 0.028573 86.599745 0.001518 -4.940699 0.247607 
364 4.984375 0.000000 -0.754551 99.634709 -0.000000 -1.400278 0.007096 
365 4.984375 0.000000 -1.537675 99.630483 -0.000000 -1.144190 0.007246 
366 5.781250 0.000000 -0.754551 99.753214 -0.000000 -1.357546 0.004745 
367 4.984375 0.000000 0.028573 99.703715 0.000000 -1.573492 0.005669 
368 8.968750 0.000000 -1.537675 99.914502 -0.000000 -1.111743 0.001586 
369 8.968750 0.000000 -3.103923 99.906953 -0.000000 -0.791936 0.001797 
370 10.562500 0.000000 -1.537675 99.943496 -0.000000 -1.103995 0.001008 
371 8.968750 0.000000 0.028573 99.938753 0.000000 -1.354966 0.001041 
372 6.578125 0.000000 -0.754551 99.824270 -0.000000 -1.328882 0.003335 
373 6.578125 0.000000 -1.537675 99.808373 -0.000000 -1.138856 0.003699 
374 7.375000 0.000000 -0.754551 99.870803 -0.000000 -1.305768 0.002412 
375 6.578125 0.000000 0.028573 99.857964 0.000000 -1.436027 0.002632 
376 8.968750 0.000000 1.594821 99.974972 0.000000 -1.118649 0.000375 
377 10.562500 0.000000 1.594821 99.982476 0.000000 -1.096034 0.000230 
378 8.968750 0.000000 3.161069 100.010806 0.000000 -0.826829 -0.000284 
379 4.984375 0.000000 0.811697 99.830752 0.000000 -1.551000 0.003142 
380 5.781250 0.000000 0.811697 99.875602 0.000000 -1.429409 0.002282 
381 4.984375 0.000000 1.594821 99.969941 0.000000 -1.401452 0.000405 
382 6.578125 0.000000 0.811697 99.906258 0.000000 -1.360855 0.001689 
383 7.375000 0.000000 0.811697 99.928415 0.000000 -1.316028 0.001258 
384 6.578125 0.000000 1.594821 99.960419 0.000000 -1.219172 0.000643 
385 1.697266 0.000000 0.126463 99.245249 0.000913 -6.080796 0.011340 
386 1.697266 0.000000 0.224354 98.085332 0.000895 -3.947948 0.036368 
387 1.846680 0.000000 0.077518 98.257901 0.000700 -8.902848 0.026612 
388 1.796875 0.000000 0.077518 98.716272 0.000704 -5.974788 0.021940 
389 1.846680 0.000000 0.126463 97.095372 0.000931 -4.264131 0.055431 
390 2.045898 0.000000 0.077518 95.778310 0.000958 -4.104215 0.080967 
391 2.095703 0.000000 0.077518 94.718646 0.000976 -4.277295 0.101008 
392 2.045898 0.000000 0.126463 95.826605 0.000958 -4.138093 0.080014 
1 7 12 10 11 
2 12 2 13 10 
3 1 17 15 16 
4 17 7 11 15 
5 19 21 3 22 
6 20 19 22 9 
7 11 25 23 24 
8 25 10 26 23 
9 28 20 9 30 
10 29 28 30 4 
11 15 33 31 32 
12 33 11 24 31 
13 35 37 19 38 
14 36 35 38 20 
15 24 41 39 40 
16 41 23 42 39 
17 44 36 20 46 
18 45 44 46 28 
19 31 49 47 48 
20 49 24 40 47 
21 51 53 35 54 
22 52 51 54 36 
23 40 57 55 56 
24 57 39 58 55 
25 60 52 36 62 
26 61 60 62 44 
27 47 65 63 64 
28 65 40 56 63 
29 67 69 51 70 
30 68 67 70 52 
31 56 73 71 72 
32 73 55 74 71 
33 76 68 52 78 
34 77 76 78 60 
35 63 81 79 80 
36 81 56 72 79 
37 83 85 67 86 
38 84 83 86 68 
39 72 89 87 88 
40 89 71 90 87 
41 10 93 92 26 
42 93 13 94 92 
43 92 94 8 95 
44 26 92 95 14 
45 23 97 96 42 
46 97 26 98 96 
47 96 98 14 99 
48 42 96 99 27 
49 39 101 100 58 
50 101 42 102 100 
51 100 102 27 103 
52 55 105 104 74 
53 105 58 106 104 
54 71 109 108 90 
55 109 74 110 108 
56 108 110 59 111 
57 112 84 68 114 
58 113 112 114 76 
59 115 117 83 118 
60 116 115 118 84 
61 87 121 119 120 
62 121 90 122 119 
63 79 126 124 125 
64 126 72 88 124 
65 88 130 128 129 
66 130 87 120 128 
67 14 95 132 37 
68 95 8 133 132 
69 132 133 21 134 
70 37 132 134 19 
71 27 99 135 53 
72 99 14 136 135 
73 135 136 37 137 
74 53 135 137 35 
75 103 27 139 138 
76 138 139 53 140 
77 69 138 140 51 
78 141 142 69 143 
79 85 141 143 67 
80 111 59 145 144 
81 144 145 85 146 
82 117 144 146 83 
83 147 149 117 150 
84 148 147 150 115 
85 120 153 151 152 
86 153 119 154 151 
87 156 116 84 158 
88 157 156 158 112 
89 159 148 115 161 
90 160 159 161 116 
91 128 164 162 163 
92 164 120 152 162 
93 166 168 147 169 
94 167 166 169 148 
95 152 172 170 171 
96 172 151 173 170 
97 90 176 175 122 
98 176 108 177 175 
99 175 177 111 178 
100 122 175 178 75 
101 119 180 179 154 
102 180 122 181 179 
103 179 181 75 182 
104 154 179 182 123 
105 151 184 183 173 
106 184 154 185 183 
107 183 185 123 186 
108 187 167 148 189 
109 188 187 189 159 
110 190 192 166 193 
111 191 190 193 167 
112 170 196 194 195 
113 196 173 197 194 
114 124 201 199 200 
115 201 88 129 199 
116 129 205 203 204 
117 205 128 163 203 
118 203 163 131 206 
119 204 203 206 5 
120 163 209 207 208 
121 209 162 210 207 
122 207 210 165 211 
123 208 207 211 131 
124 212 160 116 214 
125 213 212 214 156 
126 199 217 215 216 
127 217 129 204 215 
128 215 204 5 218 
129 216 215 218 202 
130 16 221 219 220 
131 221 15 32 219 
132 219 32 18 222 
133 220 219 222 6 
134 32 225 223 224 
135 225 31 48 223 
136 223 48 34 226 
137 224 223 226 18 
138 48 229 227 228 
139 229 47 64 227 
140 227 64 50 230 
141 228 227 230 34 
142 64 233 231 232 
143 233 63 80 231 
144 231 80 66 234 
145 232 231 234 50 
146 80 237 235 236 
147 237 79 125 235 
148 236 235 238 66 
149 125 241 239 240 
150 241 124 200 239 
151 200 245 243 244 
152 245 199 216 243 
153 243 216 202 246 
154 6 222 247 248 
155 222 18 45 247 
156 247 45 28 249 
157 248 247 249 29 
158 18 226 250 251 
159 226 34 61 250 
160 250 61 44 252 
161 251 250 252 45 
162 34 230 253 254 
163 230 50 77 253 
164 253 77 60 255 
165 254 253 255 61 
166 50 234 256 257 
167 234 66 113 256 
168 256 113 76 258 
169 257 256 258 77 
170 66 238 259 260 
171 259 157 112 261 
172 260 259 261 113 
173 262 213 156 264 
174 263 262 264 157 
175 239 267 265 266 
176 267 200 244 265 
177 246 202 271 269 
178 269 271 212 272 
179 270 269 272 213 
180 244 275 273 274 
181 275 243 276 273 
182 273 276 246 277 
183 274 273 277 127 
184 278 270 213 280 
185 279 278 280 262 
186 265 283 281 282 
187 283 244 274 281 
188 281 274 127 284 
189 235 287 285 286 
190 287 125 240 285 
191 285 240 82 288 
192 286 285 288 238 
193 240 291 289 290 
194 291 239 266 289 
195 289 266 242 292 
196 290 289 292 82 
197 266 295 293 294 
198 295 265 282 293 
199 293 282 268 296 
200 294 293 296 242 
201 284 127 299 297 
202 297 299 270 300 
203 298 297 300 278 
204 282 303 301 302 
205 303 281 304 301 
206 301 304 284 305 
207 302 301 305 268 
208 238 288 306 307 
209 288 82 263 306 
210 306 263 157 308 
211 307 306 308 259 
212 82 292 309 310 
213 292 242 279 309 
214 309 279 262 311 
215 310 309 311 263 
216 242 296 312 313 
217 296 268 298 312 
218 312 298 278 314 
219 313 312 314 279 
220 268 305 315 316 
221 305 284 317 315 
222 315 317 297 318 
223 316 315 318 298 
224 127 277 319 299 
225 277 246 320 319 
226 319 320 269 321 
227 299 319 321 270 
228 202 218 322 271 
229 218 5 323 322 
230 322 323 160 324 
231 271 322 324 212 
232 5 206 325 323 
233 206 131 188 325 
234 325 188 159 326 
235 323 325 326 160 
236 131 211 327 328 
237 211 165 329 327 
238 327 329 187 330 
239 328 327 330 188 
240 162 332 331 210 
241 332 152 171 331 
242 331 171 91 333 
243 210 331 333 165 
244 171 336 334 335 
245 336 170 195 334 
246 334 195 174 337 
247 335 334 337 91 
248 75 178 338 149 
249 178 111 339 338 
250 338 339 144 340 
251 149 338 340 117 
252 123 182 341 168 
253 182 75 342 341 
254 341 342 149 343 
255 168 341 343 147 
256 186 123 345 344 
257 344 345 168 346 
258 192 344 346 166 
259 174 198 347 348 
260 198 155 349 347 
261 347 349 192 350 
262 348 347 350 190 
263 195 353 351 352 
264 353 194 354 351 
265 351 354 198 355 
266 352 351 355 174 
267 173 357 356 197 
268 357 183 358 356 
269 356 358 186 359 
270 197 356 359 155 
271 194 361 360 354 
272 361 197 362 360 
273 360 362 155 363 
274 354 360 363 198 
275 74 365 364 110 
276 365 104 366 364 
277 364 366 107 367 
278 110 364 367 59 
279 58 369 368 106 
280 369 100 370 368 
281 368 370 103 371 
282 106 368 371 43 
283 104 373 372 366 
284 373 106 374 372 
285 372 374 43 375 
286 366 372 375 107 
287 43 371 376 142 
288 371 103 377 376 
289 376 377 138 378 
290 142 376 378 69 
291 59 367 379 145 
292 367 107 380 379 
293 379 380 141 381 
294 145 379 381 85 
295 107 375 382 380 
296 375 43 383 382 
297 382 383 142 384 
298 380 382 384 141 
299 165 333 385 329 
300 333 91 191 385 
301 385 191 167 386 
302 329 385 386 187 
303 91 337 387 388 
304 337 174 348 387 
305 387 348 190 389 
306 388 387 389 191 
307 155 359 390 349 
308 359 186 391 390 
309 390 391 344 392 
310 349 390 392 192 
