2 0.000000 100.000000 747.808936
397 313 
1 -50.000000 0.000000 -50.091361 99.019377 0.000000 13.919090 0.000142 
2 52.000000 0.000000 -50.091361 99.022846 0.000000 13.879445 0.000184 
3 52.000000 0.000000 50.148507 99.042863 0.000000 13.851430 -0.000135 
4 -50.000000 0.000000 50.148507 99.035998 -0.000000 13.918542 -0.000185 
5 1.000000 0.000000 0.028573 105.317298 0.000800 -1.191002 -0.109315 
6 -50.000000 0.000000 0.028573 99.027976 0.000000 13.928963 -0.000056 
7 1.000000 0.000000 -50.091361 99.006077 0.000000 13.896228 0.000469 
8 52.000000 0.000000 0.028573 99.272750 -0.000000 12.141745 -0.000250 
9 1.000000 0.000000 50.148507 99.054309 0.000000 13.890093 -0.000469 
10 26.500000 0.000000 -25.031394 99.011055 -0.000000 13.767686 0.000726 
11 1.000000 0.000000 -25.031394 98.945171 -0.000000 13.832726 0.001851 
12 26.500000 0.000000 -50.091361 99.014069 0.000000 13.880971 0.000353 
13 52.000000 0.000000 -25.031394 99.033439 0.000000 13.795558 0.000206 
14 26.500000 0.000000 0.028573 99.574620 -0.000000 9.906843 -0.001325 
15 -24.500000 0.000000 -25.031394 98.996588 -0.000000 13.923898 0.000580 
16 -50.000000 0.000000 -25.031394 99.019612 -0.000000 13.924382 0.000123 
17 -24.500000 0.000000 -50.091361 99.011499 0.000000 13.913622 0.000313 
18 -24.500000 0.000000 0.028573 99.029791 0.000000 13.964447 -0.000191 
19 26.500000 0.000000 25.088540 99.088609 0.000000 13.664398 -0.000527 
20 1.000000 0.000000 25.088540 99.135272 0.000000 13.810580 -0.001853 
21 52.000000 0.000000 25.088540 99.081476 0.000000 13.566573 -0.000119 
22 26.500000 0.000000 50.148507 99.049373 0.000000 13.865656 -0.000303 
23 13.750000 0.000000 -12.501411 98.962972 -0.000000 13.353099 0.002802 
24 1.000000 0.000000 -12.501411 98.715210 -0.000000 13.588444 0.007066 
25 13.750000 0.000000 -25.031394 98.976764 -0.000000 13.773750 0.001388 
26 26.500000 0.000000 -12.501411 99.050495 -0.000000 13.451167 0.000807 
27 13.750000 0.000000 0.028573 99.815454 -0.000000 7.795930 -0.002390 
28 -24.500000 0.000000 25.088540 99.063497 0.000000 13.922601 -0.000742 
29 -50.000000 0.000000 25.088540 99.036231 0.000000 13.924084 -0.000206 
30 -24.500000 0.000000 50.148507 99.045672 -0.000000 13.911869 -0.000359 
31 -11.750000 0.000000 -12.501411 98.903577 0.000000 13.939964 0.002376 
32 -24.500000 0.000000 -12.501411 98.996697 -0.000000 13.945101 0.000519 
33 -11.750000 0.000000 -25.031394 98.965413 0.000000 13.901366 0.001260 
34 -11.750000 0.000000 0.028573 99.026617 0.000000 14.108218 -0.000531 
35 13.750000 0.000000 12.558556 99.248285 0.000000 13.030986 -0.002003 
36 1.000000 0.000000 12.558556 99.438890 0.000000 13.520926 -0.007091 
37 26.500000 0.000000 12.558556 99.210095 0.000000 12.753057 -0.000528 
38 13.750000 0.000000 25.088540 99.114529 0.000000 13.717039 -0.001185 
39 7.375000 0.000000 -6.236419 98.750154 -0.000000 12.078628 0.010251 
40 1.000000 0.000000 -6.236419 97.976275 -0.000000 12.841801 0.023574 
41 7.375000 0.000000 -12.501411 98.835812 -0.000000 13.374960 0.005259 
42 13.750000 0.000000 -6.236419 99.084444 -0.000000 12.348520 0.002979 
43 7.375000 0.000000 0.028573 99.720745 -0.000000 6.416860 0.001460 
44 -11.750000 0.000000 12.558556 99.171521 0.000000 13.941592 -0.002936 
45 -24.500000 0.000000 12.558556 99.063908 0.000000 13.945218 -0.000813 
46 -11.750000 0.000000 25.088540 99.102021 0.000000 13.896185 -0.001431 
47 -5.375000 0.000000 -6.236419 98.535781 -0.000000 13.984977 0.009512 
48 -11.750000 0.000000 -6.236419 98.898628 0.000000 14.024318 0.002238 
49 -5.375000 0.000000 -12.501411 98.784985 -0.000000 13.848327 0.004975 
50 -5.375000 0.000000 0.028573 98.960368 -0.000000 14.670112 -0.000837 
51 7.375000 0.000000 6.293564 99.694362 0.000000 11.443585 -0.006992 
52 1.000000 0.000000 6.293564 100.424795 0.000000 12.696747 -0.024635 
53 13.750000 0.000000 6.293564 99.496138 0.000000 11.030815 -0.002116 
54 7.375000 0.000000 12.558556 99.349951 0.000000 13.197415 -0.004458 
55 4.187500 0.000000 -3.103923 98.017130 -0.000000 9.742093 0.029773 
56 1.000000 0.000000 -3.103923 96.193356 -0.000000 11.323667 0.061861 
57 4.187500 0.000000 -6.236419 98.350956 -0.000000 12.209700 0.017801 
58 7.375000 0.000000 -3.103923 98.972823 -0.000000 10.036256 0.010365 
59 4.187500 0.000000 0.028573 99.115895 -0.000000 5.008637 0.015095 
60 -5.375000 0.000000 6.293564 99.574804 0.000000 14.037135 -0.011218 
61 -11.750000 0.000000 6.293564 99.168876 0.000000 14.034487 -0.003143 
62 -5.375000 0.000000 12.558556 99.320386 0.000000 13.841154 -0.005612 
63 -2.187500 0.000000 -3.103923 97.307764 -0.000000 14.114265 0.033199 
64 -5.375000 0.000000 -3.103923 98.492958 -0.000000 14.307268 0.009444 
65 -2.187500 0.000000 -6.236419 98.141899 -0.000000 13.641460 0.018208 
66 -2.187500 0.000000 0.028573 98.564223 -0.000000 16.774504 0.000371 
67 4.187500 0.000000 3.161069 100.606541 0.000000 8.922333 -0.020128 
68 1.000000 0.000000 3.161069 102.912053 0.000000 11.080675 -0.071367 
69 7.375000 0.000000 3.161069 99.880868 0.000000 8.901338 -0.005542 
70 4.187500 0.000000 6.293564 100.066169 0.000000 11.797830 -0.015243 
71 2.593750 0.000000 -1.537675 96.319403 -0.000000 7.191235 0.067086 
72 1.000000 0.000000 -1.537675 93.662765 -0.000000 9.265806 0.114143 
73 2.593750 0.000000 -3.103923 97.052558 -0.000000 10.069399 0.047941 
74 4.187500 0.000000 -1.537675 98.165360 -0.000000 7.347627 0.030957 
75 2.593750 0.000000 0.028573 88.830415 0.002717 -4.687477 0.208718 
76 -2.187500 0.000000 3.161069 100.882301 0.000000 14.495966 -0.038737 
77 -5.375000 0.000000 3.161069 99.536096 0.000000 14.406951 -0.011499 
78 -2.187500 0.000000 6.293564 100.092743 0.000000 13.693397 -0.020607 
79 -0.593750 0.000000 -1.537675 94.023572 -0.000000 14.158218 0.095911 
80 -2.187500 0.000000 -1.537675 97.031421 -0.000000 15.261450 0.035199 
81 -0.593750 0.000000 -3.103923 96.325341 -0.000000 13.095946 0.054992 
82 -0.593750 0.000000 0.028573 81.666169 -0.001963 31.524405 0.233685 
83 2.593750 0.000000 1.594821 102.225953 0.000000 5.504659 -0.048045 
84 1.000000 0.000000 1.594821 107.410050 0.000000 8.517767 -0.160947 
85 4.187500 0.000000 1.594821 100.304315 0.000000 6.497647 -0.010318 
86 2.593750 0.000000 3.161069 101.737875 0.000000 9.289015 -0.043688 
87 1.796875 0.000000 -0.754551 93.320740 0.002391 -3.502245 0.127897 
88 1.000000 0.000000 -0.754551 91.585819 -0.001424 4.493824 0.159184 
89 1.796875 0.000000 -1.537675 94.963225 -0.000000 7.839079 0.092053 
90 2.593750 0.000000 -0.754551 96.179852 -0.000000 4.856594 0.072585 
91 1.796875 0.000000 0.028573 99.267611 0.003028 -8.222613 0.007833 
92 39.250000 0.000000 -12.501411 99.063190 -0.000000 13.540265 0.000315 
93 39.250000 0.000000 -25.031394 99.027134 -0.000000 13.780762 0.000372 
94 52.000000 0.000000 -12.501411 99.062274 0.000000 13.606055 0.000154 
95 39.250000 0.000000 0.028573 99.388810 -0.000000 11.294509 -0.000570 
96 20.125000 0.000000 -6.236419 99.143523 -0.000000 12.610074 0.001155 
97 20.125000 0.000000 -12.501411 99.025205 -0.000000 13.397950 0.001450 
98 26.500000 0.000000 -6.236419 99.148331 -0.000000 12.813036 0.000543 
99 20.125000 0.000000 0.028573 99.695986 -0.000000 8.943811 -0.001928 
100 10.562500 0.000000 -3.103923 99.243042 -0.000000 10.488529 0.004081 
101 10.562500 0.000000 -6.236419 98.985079 -0.000000 12.202098 0.005306 
102 13.750000 0.000000 -3.103923 99.317359 -0.000000 10.890204 0.001747 
103 10.562500 0.000000 0.028573 99.841034 -0.000000 7.124680 -0.001899 
104 5.781250 0.000000 -1.537675 98.936822 -0.000000 7.854650 0.014981 
105 5.781250 0.000000 -3.103923 98.630664 -0.000000 9.821063 0.017554 
106 7.375000 0.000000 -1.537675 99.285947 -0.000000 8.292452 0.007354 
107 5.781250 0.000000 0.028573 99.500953 -0.000000 5.951520 0.006414 
108 3.390625 0.000000 -0.754551 97.740380 -0.000000 5.374647 0.041793 
109 3.390625 0.000000 -1.537675 97.423213 -0.000000 7.126986 0.045792 
110 4.187500 0.000000 -0.754551 98.513730 -0.000000 5.962280 0.025950 
111 3.390625 0.000000 0.028573 98.706285 -0.000000 4.017300 0.024093 
112 -0.593750 0.000000 1.594821 104.654100 0.000000 15.992336 -0.120824 
113 -2.187500 0.000000 1.594821 100.709574 0.000000 15.878095 -0.039453 
114 -0.593750 0.000000 3.161069 102.360134 0.000000 13.511060 -0.066015 
115 1.796875 0.000000 0.811697 95.638725 0.003218 -6.837666 0.080648 
116 1.000000 0.000000 0.811697 122.194012 0.003071 -6.646850 -0.497556 
117 2.593750 0.000000 0.811697 101.067379 0.000000 2.684665 -0.022182 
118 1.796875 0.000000 1.594821 104.708222 0.000000 5.827795 -0.099777 
119 2.195312 0.000000 -0.362989 92.715949 0.002467 -3.786887 0.138941 
120 1.796875 0.000000 -0.362989 95.589159 0.002345 -3.675140 0.084921 
121 2.195312 0.000000 -0.754551 86.876872 0.002458 -2.495921 0.244618 
122 2.593750 0.000000 -0.362989 88.869993 0.002715 -4.628225 0.208070 
123 2.195312 0.000000 0.028573 93.789931 0.002666 -4.580467 0.118247 
124 0.203125 0.000000 -0.754551 77.985864 -0.002402 22.388471 0.341696 
125 -0.593750 0.000000 -0.754551 92.021304 -0.000000 17.120841 0.123896 
126 0.203125 0.000000 -1.537675 92.986025 -0.000000 11.681365 0.121714 
127 0.203125 0.000000 0.028573 103.076857 -0.001094 21.354439 -0.108085 
128 1.398438 0.000000 -0.362989 98.748335 0.002025 -3.247951 0.023822 
129 1.000000 0.000000 -0.362989 103.849528 0.000651 -1.081217 -0.078589 
130 1.398438 0.000000 -0.754551 97.427053 0.001044 1.542343 0.050559 
131 1.398438 0.000000 0.028573 101.422747 0.002158 -3.505831 -0.029886 
132 39.250000 0.000000 12.558556 99.256313 0.000000 12.322695 -0.000366 
133 52.000000 0.000000 12.558556 99.350282 0.000000 11.628110 -0.000569 
134 39.250000 0.000000 25.088540 99.079937 0.000000 13.620430 -0.000235 
135 20.125000 0.000000 6.293564 99.527934 0.000000 10.471668 -0.001547 
136 26.500000 0.000000 6.293564 99.616510 0.000000 9.756610 -0.001864 
137 20.125000 0.000000 12.558556 99.211275 0.000000 12.902906 -0.000936 
138 10.562500 0.000000 3.161069 99.797053 0.000000 8.678123 -0.003476 
139 13.750000 0.000000 3.161069 99.815952 0.000000 8.338874 -0.003276 
140 10.562500 0.000000 6.293564 99.538883 0.000000 11.248129 -0.003451 
141 5.781250 0.000000 1.594821 99.936848 0.000000 7.039514 -0.003693 
142 7.375000 0.000000 1.594821 99.883160 0.000000 7.211972 -0.002866 
143 5.781250 0.000000 3.161069 100.083814 0.000000 8.914744 -0.009624 
144 3.390625 0.000000 0.811697 100.048298 0.000000 4.467235 -0.002962 
145 4.187500 0.000000 0.811697 99.794701 0.000000 5.388787 0.001198 
146 3.390625 0.000000 1.594821 100.909246 0.000000 5.997579 -0.021865 
147 2.195312 0.000000 0.420135 94.365723 0.002884 -5.466336 0.106523 
148 1.796875 0.000000 0.420135 97.489281 0.002652 -4.848250 0.047233 
149 2.593750 0.000000 0.420135 88.397454 0.003029 -6.656114 0.214159 
150 2.195312 0.000000 0.811697 88.412861 0.003025 -9.634991 0.209033 
151 1.996094 0.000000 -0.167208 95.074157 0.002565 -4.271880 0.094266 
152 1.796875 0.000000 -0.167208 95.609899 0.002388 -3.835646 0.084404 
153 1.996094 0.000000 -0.362989 94.139817 0.002448 -3.790386 0.112333 
154 2.195312 0.000000 -0.167208 93.784724 0.002647 -4.467110 0.118447 
155 1.996094 0.000000 0.028573 84.461313 0.002305 -4.624656 0.284490 
156 0.203125 0.000000 0.811697 103.798024 -0.000637 40.113730 -0.238314 
157 -0.593750 0.000000 0.811697 104.889358 0.000000 20.659717 -0.142860 
158 0.203125 0.000000 1.594821 107.513620 0.000000 13.126677 -0.173149 
159 1.398438 0.000000 0.420135 99.808235 0.002216 -3.982784 0.002245 
160 1.000000 0.000000 0.420135 108.628869 0.001087 -0.067999 -0.180024 
161 1.398438 0.000000 0.811697 111.160212 0.003909 -10.396899 -0.246469 
162 1.597656 0.000000 -0.167208 96.806731 0.001950 -2.560337 0.062190 
163 1.398438 0.000000 -0.167208 97.668551 0.001484 -1.394119 0.045891 
164 1.597656 0.000000 -0.362989 97.281761 0.002311 -3.722583 0.052240 
165 1.597656 0.000000 0.028573 100.041795 0.002510 -4.512420 -0.002872 
166 1.996094 0.000000 0.224354 95.390227 0.002620 -4.579702 0.087973 
167 1.796875 0.000000 0.224354 96.981771 0.002490 -4.391656 0.057525 
168 2.195312 0.000000 0.224354 93.998411 0.002683 -4.686295 0.114234 
169 1.996094 0.000000 0.420135 95.877548 0.002794 -5.179095 0.078067 
170 1.896484 0.000000 -0.069318 94.642957 0.002264 -1.555536 0.104029 
171 1.796875 0.000000 -0.069318 95.712553 0.001888 -1.251667 0.083754 
172 1.896484 0.000000 -0.167208 95.378493 0.002553 -4.238004 0.088498 
173 1.996094 0.000000 -0.069318 95.063161 0.002580 -4.351578 0.094406 
174 1.896484 0.000000 0.028573 94.854200 0.002912 -6.421811 0.096144 
175 2.992188 0.000000 -0.362989 97.518616 -0.000000 3.982200 0.047426 
176 2.992188 0.000000 -0.754551 97.096810 -0.000000 5.069206 0.054651 
177 3.390625 0.000000 -0.362989 98.131607 -0.000000 4.545458 0.034953 
178 2.992188 0.000000 0.028573 98.317313 -0.000000 3.194996 0.032350 
179 2.394531 0.000000 -0.167208 92.515775 0.002676 -4.602611 0.141965 
180 2.394531 0.000000 -0.362989 91.026329 0.002678 -4.612972 0.169293 
181 2.593750 0.000000 -0.167208 88.830465 0.002716 -4.653193 0.208750 
182 2.394531 0.000000 0.028573 92.516806 0.002686 -4.675306 0.141878 
183 2.095703 0.000000 -0.069318 93.882395 0.002654 -4.512909 0.116573 
184 2.095703 0.000000 -0.167208 93.900993 0.002643 -4.448130 0.116282 
185 2.195312 0.000000 -0.069318 93.760003 0.002656 -4.521672 0.118862 
186 2.095703 0.000000 0.028573 93.920861 0.002666 -4.583824 0.115786 
187 1.597656 0.000000 0.224354 100.223690 0.002729 -5.320032 -0.007309 
188 1.398438 0.000000 0.224354 103.199470 0.002713 -5.466529 -0.068001 
189 1.597656 0.000000 0.420135 98.092967 0.002475 -4.434835 0.035810 
190 1.896484 0.000000 0.126463 95.585064 0.002608 -4.522013 0.084305 
191 1.796875 0.000000 0.126463 98.200005 0.002867 -6.525997 0.031417 
192 1.996094 0.000000 0.126463 95.232862 0.002609 -4.516377 0.091030 
193 1.896484 0.000000 0.224354 95.729884 0.002621 -4.595190 0.081467 
194 1.946289 0.000000 -0.020373 91.764522 0.003438 -2.448401 0.157328 
195 1.896484 0.000000 -0.020373 93.766472 0.002766 -3.137130 0.119801 
196 1.946289 0.000000 -0.069318 95.216889 0.002577 -4.341433 0.091490 
197 1.996094 0.000000 -0.020373 83.590113 0.002453 -3.623501 0.299956 
198 1.946289 0.000000 0.028573 93.477820 0.002967 -7.845050 0.120035 
199 0.601562 0.000000 -0.362989 96.601763 -0.001003 12.905948 0.050154 
200 0.203125 0.000000 -0.362989 91.570065 -0.001630 18.223845 0.128281 
201 0.601562 0.000000 -0.754551 85.712819 -0.002612 -1.791248 0.265010 
202 0.601562 0.000000 0.028573 102.187204 -0.000705 9.096834 -0.052498 
203 1.199219 0.000000 -0.167208 98.713927 0.001133 -1.073780 0.025441 
204 1.000000 0.000000 -0.167208 101.673939 0.000292 0.321038 -0.033769 
205 1.199219 0.000000 -0.362989 100.503239 0.001473 -2.517570 -0.010724 
206 1.199219 0.000000 0.028573 102.810234 0.001672 -2.519452 -0.057629 
207 1.498047 0.000000 -0.069318 97.460961 0.001437 -0.306598 0.050127 
208 1.398438 0.000000 -0.069318 98.506035 0.001565 -1.493843 0.029433 
209 1.498047 0.000000 -0.167208 97.954116 0.001837 -2.225600 0.040004 
210 1.597656 0.000000 -0.069318 97.724530 0.001829 -1.846001 0.044651 
211 1.498047 0.000000 0.028573 101.490024 0.002621 -4.822625 -0.032348 
212 0.601562 0.000000 0.420135 99.902145 -0.000736 13.668991 -0.016728 
213 0.203125 0.000000 0.420135 96.963261 -0.001200 19.526260 0.021685 
214 0.601562 0.000000 0.811697 132.229709 0.001063 12.126529 -0.763175 
215 0.800781 0.000000 -0.167208 97.609563 -0.000627 8.049898 0.040757 
216 0.601562 0.000000 -0.167208 96.091040 -0.001136 9.456858 0.067708 
217 0.800781 0.000000 -0.362989 101.194004 -0.000475 4.642821 -0.026178 
218 0.800781 0.000000 0.028573 102.405598 -0.000184 6.473557 -0.052881 
219 -37.250000 0.000000 -12.501411 99.016896 -0.000000 13.933774 0.000150 
220 -50.000000 0.000000 -12.501411 99.022695 0.000000 13.927555 0.000053 
221 -37.250000 0.000000 -25.031394 99.012596 0.000000 13.925981 0.000257 
222 -37.250000 0.000000 0.028573 99.028631 0.000000 13.938111 -0.000094 
223 -18.125000 0.000000 -6.236419 98.983563 0.000000 13.982480 0.000674 
224 -24.500000 0.000000 -6.236419 99.008624 0.000000 13.958213 0.000246 
225 -18.125000 0.000000 -12.501411 98.967836 -0.000000 13.950602 0.001075 
226 -18.125000 0.000000 0.028573 99.030198 -0.000000 14.001579 -0.000302 
227 -8.562500 0.000000 -3.103923 98.824826 -0.000000 14.193075 0.003221 
228 -11.750000 0.000000 -3.103923 98.942936 0.000000 14.079193 0.001207 
229 -8.562500 0.000000 -6.236419 98.781189 -0.000000 14.040916 0.004513 
230 -8.562500 0.000000 0.028573 99.012847 0.000000 14.270051 -0.000718 
231 -3.781250 0.000000 -1.537675 98.222647 -0.000000 14.845315 0.013193 
232 -5.375000 0.000000 -1.537675 98.645115 -0.000000 14.533437 0.005792 
233 -3.781250 0.000000 -3.103923 98.071007 -0.000000 14.338273 0.017649 
234 -3.781250 0.000000 0.028573 98.868518 0.000000 15.232196 -0.000700 
235 -1.390625 0.000000 -0.754551 95.937122 -0.000000 17.027396 0.050614 
236 -2.187500 0.000000 -0.754551 97.468847 -0.000000 16.145835 0.023914 
237 -1.390625 0.000000 -1.537675 95.771716 -0.000000 15.195679 0.059687 
238 -1.390625 0.000000 0.028573 98.064764 -0.000000 18.837882 0.002844 
239 -0.195312 0.000000 -0.362989 85.326406 -0.001979 24.383873 0.212483 
240 -0.593750 0.000000 -0.362989 73.995977 -0.002112 35.692610 0.325063 
241 -0.195312 0.000000 -0.754551 66.306925 -0.002568 27.491667 0.484760 
242 -0.195312 0.000000 0.028573 88.659982 -0.001751 25.093562 0.150972 
243 0.402344 0.000000 -0.167208 93.715781 -0.001555 10.663069 0.110365 
244 0.203125 0.000000 -0.167208 90.748466 -0.001751 13.260241 0.158888 
245 0.402344 0.000000 -0.362989 94.305397 -0.001345 15.308155 0.087215 
246 0.402344 0.000000 0.028573 103.243878 -0.000927 13.595686 -0.084414 
247 -37.250000 0.000000 12.558556 99.040425 -0.000000 13.933622 -0.000315 
248 -50.000000 0.000000 12.558556 99.033242 -0.000000 13.927426 -0.000156 
249 -37.250000 0.000000 25.088540 99.044560 0.000000 13.925443 -0.000374 
250 -18.125000 0.000000 6.293564 99.078872 -0.000000 13.984527 -0.001219 
251 -24.500000 0.000000 6.293564 99.051375 -0.000000 13.958648 -0.000602 
252 -18.125000 0.000000 12.558556 99.096838 0.000000 13.951372 -0.001482 
253 -8.562500 0.000000 3.161069 99.221066 0.000000 14.221887 -0.004708 
254 -11.750000 0.000000 3.161069 99.115295 0.000000 14.087912 -0.002231 
255 -8.562500 0.000000 6.293564 99.294287 0.000000 14.064659 -0.005717 
256 -3.781250 0.000000 1.594821 99.638696 0.000000 15.042613 -0.015415 
257 -5.375000 0.000000 1.594821 99.312316 0.000000 14.609690 -0.007638 
258 -3.781250 0.000000 3.161069 99.973071 0.000000 14.540949 -0.020605 
259 -1.390625 0.000000 0.811697 100.971966 0.000000 18.196213 -0.052644 
260 -2.187500 0.000000 0.811697 99.875305 0.000000 16.616185 -0.025117 
261 -1.390625 0.000000 1.594821 102.096670 0.000000 16.332593 -0.069048 
262 -0.195312 0.000000 0.420135 91.346706 -0.001590 26.636319 0.094629 
263 -0.593750 0.000000 0.420135 76.307503 -0.001821 44.635778 0.218481 
264 -0.195312 0.000000 0.811697 106.758615 -0.000677 61.208931 -0.514394 
265 0.003906 0.000000 -0.167208 90.354751 -0.001656 21.130211 0.138953 
266 -0.195312 0.000000 -0.167208 87.851133 -0.001798 24.200999 0.169649 
267 0.003906 0.000000 -0.362989 88.546693 -0.001835 21.306038 0.170554 
268 0.003906 0.000000 0.028573 77.841174 -0.001400 80.909652 -0.260562 
269 0.402344 0.000000 0.224354 106.557249 -0.000625 15.013735 -0.157986 
270 0.203125 0.000000 0.224354 95.914575 -0.001270 19.070851 0.043670 
271 0.601562 0.000000 0.224354 106.460667 -0.000219 10.214411 -0.143821 
272 0.402344 0.000000 0.420135 99.056115 -0.000883 15.930457 -0.006589 
273 0.302734 0.000000 -0.069318 89.715791 -0.002164 6.996058 0.190213 
274 0.203125 0.000000 -0.069318 84.036900 -0.002663 0.297137 0.293771 
275 0.302734 0.000000 -0.167208 92.535490 -0.001694 13.054052 0.126677 
276 0.402344 0.000000 -0.069318 93.634911 -0.001633 9.919579 0.113411 
277 0.302734 0.000000 0.028573 99.938431 -0.001295 15.373036 -0.022402 
278 0.003906 0.000000 0.224354 92.983774 -0.001518 22.504999 0.084754 
279 -0.195312 0.000000 0.224354 90.017386 -0.001695 25.431890 0.125009 
280 0.003906 0.000000 0.420135 94.322058 -0.001433 23.113125 0.056913 
281 0.103516 0.000000 -0.069318 74.035872 -0.003094 -5.057433 0.449311 
282 0.003906 0.000000 -0.069318 76.130171 -0.002291 10.029512 0.410361 
283 0.103516 0.000000 -0.167208 91.142950 -0.001641 20.327446 0.127976 
284 0.103516 0.000000 0.028573 106.223368 -0.001157 30.100139 -0.218942 
285 -0.992188 0.000000 -0.362989 95.221251 -0.000000 19.354905 0.055830 
286 -1.390625 0.000000 -0.362989 96.706629 -0.000000 18.105863 0.032001 
287 -0.992188 0.000000 -0.754551 94.427526 -0.000000 17.360396 0.078206 
288 -0.992188 0.000000 0.028573 97.460643 -0.000000 20.925060 0.006356 
289 -0.394531 0.000000 -0.167208 85.195609 -0.001896 27.278068 0.199762 
290 -0.593750 0.000000 -0.167208 75.028561 -0.002218 31.509159 0.337789 
291 -0.394531 0.000000 -0.362989 81.232722 -0.002099 27.506594 0.264463 
292 -0.394531 0.000000 0.028573 85.806864 -0.001862 27.954749 0.185571 
293 -0.095703 0.000000 -0.069318 88.594030 -0.001788 23.375864 0.160467 
294 -0.195312 0.000000 -0.069318 88.150519 -0.001778 24.687135 0.162003 
295 -0.095703 0.000000 -0.167208 88.114265 -0.001800 23.776908 0.167053 
296 -0.095703 0.000000 0.028573 90.711929 -0.001591 23.549980 0.121674 
297 0.103516 0.000000 0.126463 111.954008 -0.000947 31.029392 -0.349652 
298 0.003906 0.000000 0.126463 92.203539 -0.001556 22.421334 0.099579 
299 0.203125 0.000000 0.126463 115.774776 -0.000659 24.248601 -0.399179 
300 0.103516 0.000000 0.224354 93.938174 -0.001488 21.761508 0.070206 
301 0.053711 0.000000 -0.020373 68.127230 -0.002784 0.961705 0.535776 
302 0.003906 0.000000 -0.020373 20.407116 -0.002879 14.548541 0.937189 
303 0.053711 0.000000 -0.069318 69.457811 -0.002763 1.321434 0.517387 
304 0.103516 0.000000 -0.020373 84.140301 -0.002235 9.886449 0.282267 
305 0.053711 0.000000 0.028573 113.311901 -0.000940 49.706171 -0.531029 
306 -0.992188 0.000000 0.420135 100.315995 0.000000 20.811860 -0.049643 
307 -1.390625 0.000000 0.420135 99.661656 0.000000 18.848002 -0.028769 
308 -0.992188 0.000000 0.811697 102.273624 0.000000 19.360954 -0.083474 
309 -0.394531 0.000000 0.224354 86.793862 -0.001824 28.287616 0.166664 
310 -0.593750 0.000000 0.224354 82.389657 -0.001805 35.908225 0.192254 
311 -0.394531 0.000000 0.420135 87.854966 -0.001700 30.610499 0.134450 
312 -0.095703 0.000000 0.126463 91.467428 -0.001555 23.813557 0.106662 
313 -0.195312 0.000000 0.126463 89.316083 -0.001723 25.350620 0.137998 
314 -0.095703 0.000000 0.224354 92.260083 -0.001519 23.871333 0.091824 
315 0.053711 0.000000 0.077518 114.254851 -0.000908 47.432816 -0.530404 
316 0.003906 0.000000 0.077518 103.626373 -0.001222 41.509378 -0.246145 
317 0.103516 0.000000 0.077518 133.633201 -0.000328 46.797663 -1.004785 
318 0.053711 0.000000 0.126463 104.101116 -0.001206 29.190823 -0.168915 
319 0.302734 0.000000 0.126463 125.256612 -0.000156 18.706897 -0.603917 
320 0.402344 0.000000 0.126463 108.820553 -0.000553 14.707792 -0.205823 
321 0.302734 0.000000 0.224354 103.275935 -0.000981 18.219736 -0.099788 
322 0.800781 0.000000 0.224354 105.705081 0.000254 6.670908 -0.121807 
323 1.000000 0.000000 0.224354 109.529112 0.001401 -2.264907 -0.200176 
324 0.800781 0.000000 0.420135 110.633579 0.000339 5.020521 -0.226499 
325 1.199219 0.000000 0.224354 105.380732 0.002261 -4.209078 -0.112281 
326 1.199219 0.000000 0.420135 104.093589 0.001781 -3.114601 -0.084518 
327 1.498047 0.000000 0.126463 102.920313 0.003050 -6.488432 -0.063469 
328 1.398438 0.000000 0.126463 103.112778 0.002606 -5.282814 -0.066015 
329 1.597656 0.000000 0.126463 101.556129 0.003087 -7.037177 -0.036317 
330 1.498047 0.000000 0.224354 100.668563 0.002611 -5.207910 -0.016128 
331 1.697266 0.000000 -0.069318 96.801427 0.001929 -1.624268 0.062685 
332 1.697266 0.000000 -0.167208 96.996754 0.002383 -3.936657 0.057613 
333 1.697266 0.000000 0.028573 99.044721 0.002659 -5.173249 0.016338 
334 1.846680 0.000000 -0.020373 95.701195 0.002223 -2.299022 0.083600 
335 1.796875 0.000000 -0.020373 95.829687 0.001790 -0.282351 0.081659 
336 1.846680 0.000000 -0.069318 94.452451 0.001876 -0.042443 0.107873 
337 1.846680 0.000000 0.028573 97.367563 0.002733 -6.934375 0.047147 
338 2.992188 0.000000 0.420135 99.386796 0.000000 3.119554 0.011253 
339 3.390625 0.000000 0.420135 99.391118 0.000000 4.013959 0.010529 
340 2.992188 0.000000 0.811697 100.375320 0.000000 3.727357 -0.008910 
341 2.394531 0.000000 0.224354 92.642336 0.002696 -4.747339 0.139486 
342 2.593750 0.000000 0.224354 88.874891 0.002719 -4.722746 0.207895 
343 2.394531 0.000000 0.420135 91.181999 0.002701 -4.828234 0.166253 
344 2.095703 0.000000 0.126463 94.014866 0.002677 -4.651930 0.113956 
345 2.195312 0.000000 0.126463 93.874111 0.002675 -4.637242 0.116615 
346 2.095703 0.000000 0.224354 94.147163 0.002686 -4.709231 0.111413 
347 1.946289 0.000000 0.077518 95.331688 0.002602 -4.478774 0.089181 
348 1.896484 0.000000 0.077518 96.819400 0.002895 -7.744093 0.056603 
349 1.996094 0.000000 0.077518 95.168188 0.002603 -4.478203 0.092296 
350 1.946289 0.000000 0.126463 95.396330 0.002609 -4.520152 0.087911 
351 1.921387 0.000000 0.004100 92.587441 0.003106 -4.935908 0.140320 
352 1.896484 0.000000 0.004100 94.160932 0.002840 -4.650447 0.111209 
353 1.921387 0.000000 -0.020373 92.669097 0.003211 -2.713210 0.140508 
354 1.946289 0.000000 0.004100 88.041240 0.002980 -4.808959 0.222561 
355 1.921387 0.000000 0.028573 93.672367 0.002842 -6.683745 0.118082 
356 2.045898 0.000000 -0.020373 94.952327 0.002591 -4.399100 0.096470 
357 2.045898 0.000000 -0.069318 94.937690 0.002583 -4.359832 0.096783 
358 2.095703 0.000000 -0.020373 93.894167 0.002660 -4.548131 0.116320 
359 2.045898 0.000000 0.028573 94.984611 0.002597 -4.438282 0.095823 
360 1.971191 0.000000 0.004100 81.924974 0.002423 -4.730327 0.326592 
361 1.971191 0.000000 -0.020373 84.874494 0.002774 -3.470961 0.278427 
362 1.996094 0.000000 0.004100 81.467971 0.002275 -4.373757 0.334384 
363 1.971191 0.000000 0.028573 85.944170 0.002574 -5.123075 0.258735 
364 4.984375 0.000000 0.811697 99.744499 0.000000 5.880100 0.001646 
365 4.984375 0.000000 0.028573 99.342318 -0.000000 5.601756 0.009972 
366 5.781250 0.000000 0.811697 99.752137 0.000000 6.205963 0.001100 
367 4.984375 0.000000 1.594821 100.057656 0.000000 6.804235 -0.005783 
368 8.968750 0.000000 1.594821 99.906366 0.000000 7.194917 -0.003305 
369 8.968750 0.000000 0.028573 99.819370 -0.000000 6.793405 -0.001006 
370 10.562500 0.000000 1.594821 99.937423 0.000000 7.077007 -0.003757 
371 8.968750 0.000000 3.161069 99.810986 0.000000 8.820915 -0.004004 
372 6.578125 0.000000 0.811697 99.788139 0.000000 6.381458 0.000160 
373 6.578125 0.000000 0.028573 99.621633 -0.000000 6.208135 0.003699 
374 7.375000 0.000000 0.811697 99.842279 0.000000 6.477906 -0.001044 
375 6.578125 0.000000 1.594821 99.890318 0.000000 7.157588 -0.002931 
376 8.968750 0.000000 -1.537675 99.442239 -0.000000 8.673536 0.003601 
377 8.968750 0.000000 -3.103923 99.153817 -0.000000 10.273138 0.006298 
378 10.562500 0.000000 -1.537675 99.502243 -0.000000 8.989690 0.001849 
379 6.578125 0.000000 -0.754551 99.377779 -0.000000 7.045206 0.007442 
380 5.781250 0.000000 -0.754551 99.200082 -0.000000 6.767478 0.011354 
381 6.578125 0.000000 -1.537675 99.144727 -0.000000 8.081632 0.010501 
382 7.375000 0.000000 -0.754551 99.499932 -0.000000 7.289271 0.004663 
383 6.179688 0.000000 0.420135 99.675516 0.000000 6.057209 0.002810 
384 5.781250 0.000000 0.420135 99.635745 0.000000 5.940900 0.003742 
385 6.179688 0.000000 0.028573 99.563858 -0.000000 6.089064 0.004996 
386 6.578125 0.000000 0.420135 99.716665 0.000000 6.151250 0.001875 
387 6.179688 0.000000 0.811697 99.766943 0.000000 6.305302 0.000680 
388 4.984375 0.000000 -0.754551 98.929248 -0.000000 6.395711 0.017210 
389 4.984375 0.000000 -1.537675 98.618749 -0.000000 7.579616 0.021689 
390 1.697266 0.000000 0.126463 99.389298 0.002993 -6.536502 0.007904 
391 1.697266 0.000000 0.224354 97.464699 0.002477 -4.373704 0.048150 
392 1.846680 0.000000 0.077518 98.795641 0.003189 -9.293258 0.015306 
393 1.796875 0.000000 0.077518 98.483346 0.002823 -6.392879 0.026016 
394 1.846680 0.000000 0.126463 96.761286 0.002620 -4.663322 0.061551 
395 2.045898 0.000000 0.077518 95.033670 0.002604 -4.476038 0.094857 
396 2.095703 0.000000 0.077518 93.961710 0.002671 -4.618799 0.114986 
397 2.045898 0.000000 0.126463 95.097388 0.002609 -4.511140 0.093614 
1 7 12 10 11 
2 12 2 13 10 
3 1 17 15 16 
4 17 7 11 15 
5 19 21 3 22 
6 20 19 22 9 
7 11 25 23 24 
8 25 10 26 23 
9 28 20 9 30 
10 29 28 30 4 
11 15 33 31 32 
12 33 11 24 31 
13 35 37 19 38 
14 36 35 38 20 
15 24 41 39 40 
16 41 23 42 39 
17 44 36 20 46 
18 45 44 46 28 
19 31 49 47 48 
20 49 24 40 47 
21 51 53 35 54 
22 52 51 54 36 
23 40 57 55 56 
24 57 39 58 55 
25 60 52 36 62 
26 61 60 62 44 
27 47 65 63 64 
28 65 40 56 63 
29 67 69 51 70 
30 68 67 70 52 
31 56 73 71 72 
32 73 55 74 71 
33 76 68 52 78 
34 77 76 78 60 
35 63 81 79 80 
36 81 56 72 79 
37 83 85 67 86 
38 84 83 86 68 
39 72 89 87 88 
40 89 71 90 87 
41 10 93 92 26 
42 93 13 94 92 
43 92 94 8 95 
44 26 92 95 14 
45 23 97 96 42 
46 97 26 98 96 
47 96 98 14 99 
48 42 96 99 27 
49 39 101 100 58 
50 101 42 102 100 
51 100 102 27 103 
52 55 105 104 74 
53 105 58 106 104 
54 71 109 108 90 
55 109 74 110 108 
56 108 110 59 111 
57 112 84 68 114 
58 113 112 114 76 
59 115 117 83 118 
60 116 115 118 84 
61 87 121 119 120 
62 121 90 122 119 
63 79 126 124 125 
64 126 72 88 124 
65 88 130 128 129 
66 130 87 120 128 
67 14 95 132 37 
68 95 8 133 132 
69 132 133 21 134 
70 37 132 134 19 
71 27 99 135 53 
72 99 14 136 135 
73 135 136 37 137 
74 53 135 137 35 
75 103 27 139 138 
76 138 139 53 140 
77 69 138 140 51 
78 141 142 69 143 
79 85 141 143 67 
80 111 59 145 144 
81 144 145 85 146 
82 117 144 146 83 
83 147 149 117 150 
84 148 147 150 115 
85 120 153 151 152 
86 153 119 154 151 
87 156 116 84 158 
88 157 156 158 112 
89 159 148 115 161 
90 160 159 161 116 
91 128 164 162 163 
92 164 120 152 162 
93 166 168 147 169 
94 167 166 169 148 
95 152 172 170 171 
96 172 151 173 170 
97 90 176 175 122 
98 176 108 177 175 
99 175 177 111 178 
100 122 175 178 75 
101 119 180 179 154 
102 180 122 181 179 
103 179 181 75 182 
104 154 179 182 123 
105 151 184 183 173 
106 184 154 185 183 
107 183 185 123 186 
108 187 167 148 189 
109 188 187 189 159 
110 190 192 166 193 
111 191 190 193 167 
112 170 196 194 195 
113 196 173 197 194 
114 124 201 199 200 
115 201 88 129 199 
116 129 205 203 204 
117 205 128 163 203 
118 203 163 131 206 
119 204 203 206 5 
120 163 209 207 208 
121 209 162 210 207 
122 207 210 165 211 
123 208 207 211 131 
124 212 160 116 214 
125 213 212 214 156 
126 199 217 215 216 
127 217 129 204 215 
128 215 204 5 218 
129 216 215 218 202 
130 16 221 219 220 
131 221 15 32 219 
132 219 32 18 222 
133 220 219 222 6 
134 32 225 223 224 
135 225 31 48 223 
136 223 48 34 226 
137 224 223 226 18 
138 48 229 227 228 
139 229 47 64 227 
140 227 64 50 230 
141 228 227 230 34 
142 64 233 231 232 
143 233 63 80 231 
144 231 80 66 234 
145 232 231 234 50 
146 80 237 235 236 
147 237 79 125 235 
148 236 235 238 66 
149 125 241 239 240 
150 241 124 200 239 
151 200 245 243 244 
152 245 199 216 243 
153 243 216 202 246 
154 6 222 247 248 
155 222 18 45 247 
156 247 45 28 249 
157 248 247 249 29 
158 18 226 250 251 
159 226 34 61 250 
160 250 61 44 252 
161 251 250 252 45 
162 34 230 253 254 
163 230 50 77 253 
164 253 77 60 255 
165 254 253 255 61 
166 50 234 256 257 
167 234 66 113 256 
168 256 113 76 258 
169 257 256 258 77 
170 66 238 259 260 
171 259 157 112 261 
172 260 259 261 113 
173 262 213 156 264 
174 263 262 264 157 
175 239 267 265 266 
176 267 200 244 265 
177 246 202 271 269 
178 269 271 212 272 
179 270 269 272 213 
180 244 275 273 274 
181 275 243 276 273 
182 273 276 246 277 
183 274 273 277 127 
184 278 270 213 280 
185 279 278 280 262 
186 265 283 281 282 
187 283 244 274 281 
188 281 274 127 284 
189 235 287 285 286 
190 287 125 240 285 
191 285 240 82 288 
192 286 285 288 238 
193 240 291 289 290 
194 291 239 266 289 
195 289 266 242 292 
196 290 289 292 82 
197 266 295 293 294 
198 295 265 282 293 
199 293 282 268 296 
200 294 293 296 242 
201 284 127 299 297 
202 297 299 270 300 
203 298 297 300 278 
204 282 303 301 302 
205 303 281 304 301 
206 301 304 284 305 
207 302 301 305 268 
208 238 288 306 307 
209 288 82 263 306 
210 306 263 157 308 
211 307 306 308 259 
212 82 292 309 310 
213 292 242 279 309 
214 309 279 262 311 
215 310 309 311 263 
216 242 296 312 313 
217 296 268 298 312 
218 312 298 278 314 
219 313 312 314 279 
220 268 305 315 316 
221 305 284 317 315 
222 315 317 297 318 
223 316 315 318 298 
224 127 277 319 299 
225 277 246 320 319 
226 319 320 269 321 
227 299 319 321 270 
228 202 218 322 271 
229 218 5 323 322 
230 322 323 160 324 
231 271 322 324 212 
232 5 206 325 323 
233 206 131 188 325 
234 325 188 159 326 
235 323 325 326 160 
236 131 211 327 328 
237 211 165 329 327 
238 327 329 187 330 
239 328 327 330 188 
240 162 332 331 210 
241 332 152 171 331 
242 331 171 91 333 
243 210 331 333 165 
244 171 336 334 335 
245 336 170 195 334 
246 334 195 174 337 
247 335 334 337 91 
248 75 178 338 149 
249 178 111 339 338 
250 338 339 144 340 
251 149 338 340 117 
252 123 182 341 168 
253 182 75 342 341 
254 341 342 149 343 
255 168 341 343 147 
256 186 123 345 344 
257 344 345 168 346 
258 192 344 346 166 
259 174 198 347 348 
260 198 155 349 347 
261 347 349 192 350 
262 348 347 350 190 
263 195 353 351 352 
264 353 194 354 351 
265 351 354 198 355 
266 352 351 355 174 
267 173 357 356 197 
268 357 183 358 356 
269 356 358 186 359 
270 197 356 359 155 
271 194 361 360 354 
272 361 197 362 360 
273 360 362 155 363 
274 354 360 363 198 
275 59 365 364 145 
276 365 107 366 364 
277 364 366 141 367 
278 145 364 367 85 
279 43 369 368 142 
280 369 103 370 368 
281 368 370 138 371 
282 142 368 371 69 
283 373 43 374 372 
284 372 374 142 375 
285 366 372 375 141 
286 58 377 376 106 
287 377 100 378 376 
288 376 378 103 369 
289 106 376 369 43 
290 104 381 379 380 
291 381 106 382 379 
292 379 382 43 373 
293 380 379 373 107 
294 107 385 383 384 
295 385 373 386 383 
296 383 386 372 387 
297 384 383 387 366 
298 74 389 388 110 
299 389 104 380 388 
300 388 380 107 365 
301 110 388 365 59 
302 165 333 390 329 
303 333 91 191 390 
304 390 191 167 391 
305 329 390 391 187 
306 91 337 392 393 
307 337 174 348 392 
308 392 348 190 394 
309 393 392 394 191 
310 155 359 395 349 
311 359 186 396 395 
312 395 396 344 397 
313 349 395 397 192 
