2 0.000000 100.000000 747.808936
403 319 
1 -30.000000 0.000000 -30.045681 98.473167 -0.000000 17.366820 0.000143 
2 31.000000 0.000000 -30.045681 98.477320 0.000000 17.327216 0.000199 
3 31.000000 0.000000 30.074253 98.500943 0.000000 17.289357 -0.000136 
4 -30.000000 0.000000 30.074253 98.490764 0.000000 17.365973 -0.000201 
5 0.500000 0.000000 0.014286 100.188166 0.000535 4.526611 -0.005816 
6 -30.000000 0.000000 0.014286 98.482549 -0.000000 17.377160 -0.000078 
7 0.500000 0.000000 -30.045681 98.459574 0.000000 17.343392 0.000492 
8 31.000000 0.000000 0.014286 98.712483 0.000000 16.024976 -0.000095 
9 0.500000 0.000000 30.074253 98.510761 0.000000 17.335232 -0.000488 
10 15.750000 0.000000 -15.015697 98.467128 0.000000 17.215799 0.000784 
11 0.500000 0.000000 -15.015697 98.396902 0.000000 17.278620 0.001950 
12 15.750000 0.000000 -30.045681 98.468133 0.000000 17.328096 0.000376 
13 31.000000 0.000000 -15.015697 98.489656 0.000000 17.248542 0.000228 
14 15.750000 0.000000 0.014286 99.074684 0.000000 13.888078 -0.000867 
15 -14.750000 0.000000 -15.015697 98.449836 0.000000 17.372396 0.000583 
16 -30.000000 0.000000 -15.015697 98.473554 -0.000000 17.372425 0.000116 
17 -14.750000 0.000000 -30.045681 98.465038 0.000000 17.361244 0.000322 
18 -14.750000 0.000000 0.014286 98.486512 -0.000000 17.414724 -0.000287 
19 15.750000 0.000000 15.044270 98.558119 0.000000 17.076287 -0.000530 
20 0.500000 0.000000 15.044270 98.598735 0.000000 17.248856 -0.001923 
21 31.000000 0.000000 15.044270 98.564868 0.000000 16.916968 -0.000122 
22 15.750000 0.000000 30.074253 98.506564 0.000000 17.307841 -0.000310 
23 8.125000 0.000000 -7.500705 98.425500 0.000000 16.798067 0.003025 
24 0.500000 0.000000 -7.500705 98.157016 0.000000 17.028582 0.007523 
25 8.125000 0.000000 -15.015697 98.431052 0.000000 17.219170 0.001483 
26 15.750000 0.000000 -7.500705 98.513796 0.000000 16.916239 0.000887 
27 8.125000 0.000000 0.014286 99.442122 0.000000 11.447820 -0.001979 
28 -14.750000 0.000000 15.044270 98.520681 0.000000 17.369704 -0.000803 
29 -30.000000 0.000000 15.044270 98.491185 0.000000 17.371842 -0.000229 
30 -14.750000 0.000000 30.074253 98.501177 0.000000 17.358715 -0.000381 
31 -7.125000 0.000000 -7.500705 98.354771 0.000000 17.392294 0.002385 
32 -14.750000 0.000000 -7.500705 98.450715 -0.000000 17.394929 0.000487 
33 -7.125000 0.000000 -15.015697 98.417506 0.000000 17.349462 0.001299 
34 -7.125000 0.000000 0.014286 98.493638 0.000000 17.566367 -0.000957 
35 8.125000 0.000000 7.529278 98.754513 0.000000 16.364387 -0.002025 
36 0.500000 0.000000 7.529278 98.926823 0.000000 16.938570 -0.007343 
37 15.750000 0.000000 7.529278 98.753057 -0.000000 15.926801 -0.000583 
38 8.125000 0.000000 15.044270 98.580738 0.000000 17.144439 -0.001209 
39 4.312500 0.000000 -3.743210 98.242922 0.000000 15.496533 0.010819 
40 0.500000 0.000000 -3.743210 97.366368 0.000000 16.264390 0.025526 
41 4.312500 0.000000 -7.500705 98.289831 0.000000 16.809688 0.005654 
42 8.125000 0.000000 -3.743210 98.575331 0.000000 15.820847 0.003260 
43 4.312500 0.000000 0.014286 99.439518 -0.000000 9.721124 0.001728 
44 -7.125000 0.000000 7.529278 98.638191 0.000000 17.386960 -0.003180 
45 -14.750000 0.000000 7.529278 98.521972 0.000000 17.393579 -0.000912 
46 -7.125000 0.000000 15.044270 98.562015 0.000000 17.340923 -0.001518 
47 -3.312500 0.000000 -3.743210 97.980350 0.000000 17.457971 0.009507 
48 -7.125000 0.000000 -3.743210 98.354148 0.000000 17.482307 0.002083 
49 -3.312500 0.000000 -7.500705 98.230442 0.000000 17.299541 0.005151 
50 -3.312500 0.000000 0.014286 98.473152 0.000000 18.152963 -0.002649 
51 4.312500 0.000000 3.771782 99.281220 -0.000000 14.642027 -0.007115 
52 0.500000 0.000000 3.771782 99.981897 -0.000000 16.063439 -0.025441 
53 8.125000 0.000000 3.771782 99.132252 -0.000000 14.011972 -0.002354 
54 4.312500 0.000000 7.529278 98.846612 0.000000 16.577113 -0.004545 
55 2.406250 0.000000 -1.864462 97.490882 0.000000 12.978547 0.032709 
56 0.500000 0.000000 -1.864462 95.360593 0.000000 14.716329 0.068979 
57 2.406250 0.000000 -3.743210 97.788286 0.000000 15.589758 0.019441 
58 4.312500 0.000000 -1.864462 98.524120 0.000000 13.405308 0.011330 
59 2.406250 0.000000 0.014286 98.917686 0.000000 8.065560 0.015024 
60 -3.312500 0.000000 3.771782 99.072135 0.000000 17.474010 -0.012063 
61 -7.125000 0.000000 3.771782 98.639611 0.000000 17.484341 -0.003547 
62 -3.312500 0.000000 7.529278 98.796868 0.000000 17.277681 -0.005934 
63 -1.406250 0.000000 -1.864462 96.735937 0.000000 17.695519 0.032903 
64 -3.312500 0.000000 -1.864462 97.962379 0.000000 17.803311 0.008641 
65 -1.406250 0.000000 -3.743210 97.557230 0.000000 17.115982 0.018963 
66 -1.406250 0.000000 0.014286 98.256435 0.000000 20.272135 -0.006529 
67 2.406250 0.000000 1.893034 100.316815 -0.000000 12.047925 -0.020862 
68 0.500000 0.000000 1.893034 102.601978 -0.000000 14.438093 -0.073562 
69 4.312500 0.000000 1.893034 99.588622 -0.000000 11.875807 -0.005893 
70 2.406250 0.000000 3.771782 99.643165 0.000000 15.082424 -0.015624 
71 1.453125 0.000000 -0.925088 95.686982 0.000000 10.034942 0.074330 
72 0.500000 0.000000 -0.925088 92.155630 0.000000 12.519853 0.135059 
73 1.453125 0.000000 -1.864462 96.375939 0.000000 13.287142 0.053513 
74 2.406250 0.000000 -0.925088 97.766799 0.000000 10.466011 0.033212 
75 1.453125 0.000000 0.014286 85.320634 0.002576 -4.597765 0.269925 
76 -1.406250 0.000000 1.893034 100.444167 0.000000 17.918287 -0.041010 
77 -3.312500 0.000000 1.893034 99.049781 0.000000 17.857839 -0.012976 
78 -1.406250 0.000000 3.771782 99.616871 0.000000 17.109343 -0.021625 
79 -0.453125 0.000000 -0.925088 93.361314 0.000000 18.237221 0.095107 
80 -1.406250 0.000000 -0.925088 96.586440 0.000000 18.921531 0.031304 
81 -0.453125 0.000000 -1.864462 95.610997 0.000000 16.697108 0.057974 
82 -0.453125 0.000000 0.014286 61.950491 -0.002361 57.741471 0.282806 
83 1.453125 0.000000 0.953660 102.085087 -0.000000 8.664415 -0.049644 
84 0.500000 0.000000 0.953660 107.363380 -0.000000 11.967940 -0.167013 
85 2.406250 0.000000 0.953660 100.102949 -0.000000 9.539721 -0.011161 
86 1.453125 0.000000 1.893034 101.453464 -0.000000 12.525588 -0.044970 
87 0.976562 0.000000 -0.455401 91.015242 0.002038 -2.626055 0.170933 
88 0.500000 0.000000 -0.455401 86.349253 -0.001965 3.356824 0.253254 
89 0.976562 0.000000 -0.925088 93.913799 0.000000 10.644092 0.106690 
90 1.453125 0.000000 -0.455401 95.880841 0.000000 7.427465 0.075170 
91 0.976562 0.000000 0.014286 89.652931 0.002197 -7.868252 0.190044 
92 23.375000 0.000000 -7.500705 98.523819 0.000000 17.015078 0.000354 
93 23.375000 0.000000 -15.015697 98.483548 0.000000 17.231687 0.000406 
94 31.000000 0.000000 -7.500705 98.520727 0.000000 17.084777 0.000178 
95 23.375000 0.000000 0.014286 98.840795 0.000000 15.276437 -0.000287 
96 11.937500 0.000000 -3.743210 98.625623 0.000000 16.123295 0.001303 
97 11.937500 0.000000 -7.500705 98.489319 0.000000 16.854473 0.001578 
98 15.750000 0.000000 -3.743210 98.622318 0.000000 16.347698 0.000639 
99 11.937500 0.000000 0.014286 99.248123 0.000000 12.813251 -0.001437 
100 6.218750 0.000000 -1.864462 98.791908 0.000000 13.955989 0.004539 
101 6.218750 0.000000 -3.743210 98.476709 0.000000 15.642987 0.005763 
102 8.125000 0.000000 -1.864462 98.849891 0.000000 14.429908 0.002048 
103 6.218750 0.000000 0.014286 99.509800 0.000000 10.631607 -0.001523 
104 3.359375 0.000000 -0.925088 98.562140 0.000000 11.114108 0.016198 
105 3.359375 0.000000 -1.864462 98.164308 0.000000 13.127345 0.019144 
106 4.312500 0.000000 -0.925088 98.907681 0.000000 11.646874 0.008162 
107 3.359375 0.000000 0.014286 99.252469 -0.000000 9.119396 0.006578 
108 1.929688 0.000000 -0.455401 97.465029 0.000000 8.310615 0.043150 
109 1.929688 0.000000 -0.925088 96.964102 0.000000 10.125908 0.049543 
110 2.406250 0.000000 -0.455401 98.221478 0.000000 9.050978 0.027062 
111 1.929688 0.000000 0.014286 98.598433 0.000000 7.001808 0.022932 
112 -0.453125 0.000000 0.953660 104.164692 -0.000000 19.452533 -0.122868 
113 -1.406250 0.000000 0.953660 100.299229 -0.000000 19.295174 -0.043224 
114 -0.453125 0.000000 1.893034 101.954621 -0.000000 16.925784 -0.068123 
115 0.976562 0.000000 0.483973 95.372456 0.003084 -6.845314 0.085724 
116 0.500000 0.000000 0.483973 127.977575 0.002608 -3.448850 -0.639015 
117 1.453125 0.000000 0.483973 101.010108 -0.000000 5.838815 -0.023713 
118 0.976562 0.000000 0.953660 104.612881 -0.000000 9.060246 -0.102594 
119 1.214844 0.000000 -0.220557 92.356979 0.002551 -4.648511 0.144858 
120 0.976562 0.000000 -0.220557 94.800077 0.002251 -3.868060 0.099798 
121 1.214844 0.000000 -0.455401 80.461354 0.002397 -4.275589 0.350769 
122 1.453125 0.000000 -0.220557 75.757055 0.001971 -3.993471 0.424492 
123 1.214844 0.000000 0.014286 93.546225 0.002552 -4.674394 0.122725 
124 0.023438 0.000000 -0.455401 74.729129 -0.002698 30.476862 0.348672 
125 -0.453125 0.000000 -0.455401 92.132649 0.000000 21.663850 0.104225 
126 0.023438 0.000000 -0.925088 91.685693 0.000000 15.688036 0.134762 
127 0.023438 0.000000 0.014286 123.472665 -0.000913 58.845586 -0.870830 
128 0.738281 0.000000 -0.220557 97.447603 0.001758 -3.318537 0.049295 
129 0.500000 0.000000 -0.220557 101.450881 0.000441 0.225770 -0.029233 
130 0.738281 0.000000 -0.455401 95.096962 0.001994 -2.964943 0.094778 
131 0.738281 0.000000 0.014286 101.205172 0.002243 -4.131126 -0.025955 
132 23.375000 0.000000 7.529278 98.874778 0.000000 15.156485 -0.000594 
133 31.000000 0.000000 7.529278 99.114656 -0.000000 13.776592 -0.001351 
134 23.375000 0.000000 15.044270 98.554801 0.000000 17.008683 -0.000234 
135 11.937500 0.000000 3.771782 99.236731 -0.000000 13.157600 -0.002105 
136 15.750000 0.000000 3.771782 99.412940 -0.000000 12.094664 -0.002921 
137 11.937500 0.000000 7.529278 98.732406 0.000000 16.171243 -0.000960 
138 6.218750 0.000000 1.893034 99.536804 -0.000000 11.517101 -0.004022 
139 8.125000 0.000000 1.893034 99.592696 -0.000000 11.050536 -0.004082 
140 6.218750 0.000000 3.771782 99.147109 -0.000000 14.345979 -0.003596 
141 3.359375 0.000000 0.953660 99.701508 -0.000000 10.017804 -0.004075 
142 4.312500 0.000000 0.953660 99.649726 -0.000000 10.139711 -0.003288 
143 3.359375 0.000000 1.893034 99.785884 -0.000000 11.959508 -0.010025 
144 1.929688 0.000000 0.483973 99.937604 -0.000000 7.509992 -0.004392 
145 2.406250 0.000000 0.483973 99.620221 -0.000000 8.403059 0.000520 
146 1.929688 0.000000 0.953660 100.740607 -0.000000 9.087751 -0.023126 
147 1.214844 0.000000 0.249130 92.574102 0.002588 -4.886790 0.140615 
148 0.976562 0.000000 0.249130 96.975435 0.002536 -4.911358 0.057164 
149 1.453125 0.000000 0.249130 75.757055 0.001971 -3.993471 0.424492 
150 1.214844 0.000000 0.483973 102.444805 -0.000000 4.602316 -0.051612 
151 1.095703 0.000000 -0.103135 94.640513 0.002460 -4.418370 0.102365 
152 0.976562 0.000000 -0.103135 95.863957 0.002312 -4.171259 0.079270 
153 1.095703 0.000000 -0.220557 93.743602 0.002522 -4.494089 0.119194 
154 1.214844 0.000000 -0.103135 92.146071 0.002371 -3.983241 0.149324 
155 1.095703 0.000000 0.014286 94.663226 0.002482 -4.535135 0.101831 
156 0.023438 0.000000 0.483973 100.860790 -0.001089 42.708281 -0.199690 
157 -0.453125 0.000000 0.483973 104.131847 -0.000000 23.821992 -0.141093 
158 0.023438 0.000000 0.953660 107.190235 -0.000000 16.767761 -0.177090 
159 0.738281 0.000000 0.249130 100.436586 0.002061 -3.772896 -0.010174 
160 0.500000 0.000000 0.249130 107.149428 0.000777 2.887772 -0.148934 
161 0.738281 0.000000 0.483973 106.795469 0.003056 -7.584787 -0.146280 
162 0.857422 0.000000 -0.103135 97.328801 0.002090 -3.792738 0.051272 
163 0.738281 0.000000 -0.103135 98.094448 0.001577 -2.189339 0.037269 
164 0.857422 0.000000 -0.220557 96.128662 0.002052 -3.669234 0.074582 
165 0.857422 0.000000 0.014286 98.955449 0.002488 -5.145269 0.018135 
166 1.095703 0.000000 0.131708 94.907641 0.002500 -4.638430 0.097102 
167 0.976562 0.000000 0.131708 96.256569 0.002371 -4.468425 0.071471 
168 1.214844 0.000000 0.131708 93.909066 0.002752 -5.457538 0.115130 
169 1.095703 0.000000 0.249130 94.110003 0.002585 -4.846962 0.111981 
170 1.036133 0.000000 -0.044425 94.775019 0.002468 -4.463427 0.099777 
171 0.976562 0.000000 -0.044425 95.872207 0.002332 -4.251478 0.079044 
172 1.036133 0.000000 -0.103135 94.782369 0.002455 -4.396618 0.099697 
173 1.095703 0.000000 -0.044425 94.621932 0.002471 -4.475135 0.102666 
174 1.036133 0.000000 0.014286 94.828554 0.002482 -4.535367 0.098698 
175 0.857422 0.000000 0.131708 97.869124 0.002171 -4.153301 0.040438 
176 0.738281 0.000000 0.131708 99.636182 0.001887 -3.575849 0.005984 
177 0.857422 0.000000 0.249130 98.618940 0.002335 -4.468253 0.025434 
178 0.916992 0.000000 -0.044425 95.338182 0.001922 -2.060795 0.090638 
179 0.857422 0.000000 -0.044425 95.579977 0.001493 -0.550800 0.086416 
180 0.916992 0.000000 -0.103135 96.192907 0.002295 -4.127701 0.072989 
181 0.916992 0.000000 0.014286 97.391799 0.002607 -6.199051 0.047641 
182 1.036133 0.000000 0.072997 94.940566 0.002494 -4.602851 0.096510 
183 0.976562 0.000000 0.072997 96.081867 0.002363 -4.411340 0.074881 
184 1.095703 0.000000 0.072997 94.763801 0.002492 -4.591548 0.099874 
185 1.036133 0.000000 0.131708 95.091954 0.002504 -4.657612 0.093583 
186 1.006348 0.000000 -0.015069 94.661236 0.002324 -4.144597 0.102207 
187 0.976562 0.000000 -0.015069 92.407312 0.002978 -3.306541 0.144996 
188 1.006348 0.000000 -0.044425 94.636582 0.002315 -4.103851 0.102708 
189 1.036133 0.000000 -0.015069 94.793876 0.002475 -4.499329 0.099388 
190 1.006348 0.000000 0.014286 95.792753 0.002352 -4.341647 0.080490 
191 0.916992 0.000000 0.072997 96.475381 0.002355 -4.402341 0.067312 
192 0.857422 0.000000 0.072997 99.538349 0.002652 -6.042064 0.005561 
193 0.916992 0.000000 0.131708 96.638094 0.002366 -4.468748 0.064111 
194 0.946777 0.000000 -0.015069 93.772757 0.002657 -0.939682 0.120579 
195 0.916992 0.000000 -0.015069 95.942298 0.002193 -3.048470 0.078578 
196 0.946777 0.000000 -0.044425 96.043065 0.002325 -4.236071 0.075779 
197 0.946777 0.000000 0.014286 95.105330 0.002773 -6.691477 0.091020 
198 1.006348 0.000000 0.043642 95.851050 0.002359 -4.378140 0.079341 
199 0.976562 0.000000 0.043642 96.007597 0.002356 -4.375337 0.076340 
200 1.036133 0.000000 0.043642 94.878139 0.002488 -4.570268 0.097725 
201 1.006348 0.000000 0.072997 96.215700 0.002510 -4.758553 0.071990 
202 0.991455 0.000000 -0.000391 77.714211 0.002652 -0.616680 0.396012 
203 0.976562 0.000000 -0.000391 86.417629 0.002674 -4.016843 0.251586 
204 0.991455 0.000000 -0.015069 84.562826 0.002570 -2.041644 0.284496 
205 1.006348 0.000000 -0.000391 84.270602 0.002135 -4.110956 0.288157 
206 0.991455 0.000000 0.014286 84.963670 0.001980 -6.502075 0.273890 
207 0.261719 0.000000 -0.220557 95.649450 -0.001008 15.968788 0.059618 
208 0.023438 0.000000 -0.220557 90.031766 -0.001869 24.299484 0.130382 
209 0.261719 0.000000 -0.455401 64.512018 -0.003320 -0.875006 0.583743 
210 0.261719 0.000000 0.014286 101.644216 -0.001000 12.054675 -0.047686 
211 0.619141 0.000000 -0.103135 98.004646 0.000922 -1.060248 0.039397 
212 0.500000 0.000000 -0.103135 95.920403 0.000128 6.723316 0.075407 
213 0.619141 0.000000 -0.220557 100.088154 0.001359 -2.191453 -0.002244 
214 0.619141 0.000000 0.014286 102.628427 0.001489 -2.256621 -0.053769 
215 0.797852 0.000000 -0.044425 95.655827 0.001326 -0.673532 0.084951 
216 0.738281 0.000000 -0.044425 97.619790 0.001440 -1.215358 0.046890 
217 0.797852 0.000000 -0.103135 97.325990 0.001882 -3.560509 0.051497 
218 0.797852 0.000000 0.014286 99.553426 0.002346 -4.577368 0.006816 
219 0.887207 0.000000 -0.015069 94.505673 0.001203 1.569121 0.106622 
220 0.857422 0.000000 -0.015069 97.477540 0.002040 -3.001850 0.048912 
221 0.887207 0.000000 -0.044425 94.670538 0.001529 -0.560629 0.103718 
222 0.887207 0.000000 0.014286 101.020055 0.003269 -9.403893 -0.029348 
223 0.261719 0.000000 0.249130 99.628673 -0.000767 17.030280 -0.021590 
224 0.023438 0.000000 0.249130 95.960830 -0.001457 25.225003 0.015522 
225 0.261719 0.000000 0.483973 140.398166 0.000842 21.828681 -1.018814 
226 0.380859 0.000000 -0.103135 96.080888 -0.000721 10.083794 0.066678 
227 0.261719 0.000000 -0.103135 93.840284 -0.001434 12.986290 0.102536 
228 0.380859 0.000000 -0.220557 97.213355 -0.000583 12.853940 0.038434 
229 0.380859 0.000000 0.014286 101.701845 -0.000322 8.152243 -0.040972 
230 0.380859 0.000000 0.131708 105.207219 0.000116 9.097816 -0.115133 
231 0.261719 0.000000 0.131708 106.155904 -0.000496 14.305835 -0.147373 
232 0.500000 0.000000 0.131708 102.219406 0.000858 4.733672 -0.047121 
233 0.380859 0.000000 0.249130 100.195329 -0.000342 13.109670 -0.021097 
234 0.440430 0.000000 -0.044425 91.448444 -0.001190 5.748787 0.160413 
235 0.380859 0.000000 -0.044425 95.697839 -0.000835 9.490414 0.075186 
236 0.440430 0.000000 -0.103135 97.259644 -0.000278 9.006350 0.045945 
237 0.500000 0.000000 -0.044425 95.711426 0.000048 6.510580 0.079694 
238 0.440430 0.000000 0.014286 100.721428 0.000132 6.726941 -0.019006 
239 -22.375000 0.000000 -7.500705 98.471140 0.000000 17.382457 0.000128 
240 -30.000000 0.000000 -7.500705 98.476904 0.000000 17.375749 0.000038 
241 -22.375000 0.000000 -15.015697 98.466359 0.000000 17.374250 0.000251 
242 -22.375000 0.000000 0.014286 98.483727 0.000000 17.386850 -0.000135 
243 -10.937500 0.000000 -3.743210 98.439207 0.000000 17.435029 0.000574 
244 -14.750000 0.000000 -3.743210 98.463834 0.000000 17.408603 0.000181 
245 -10.937500 0.000000 -7.500705 98.421192 0.000000 17.401539 0.001046 
246 -10.937500 0.000000 0.014286 98.489406 0.000000 17.453977 -0.000480 
247 -5.218750 0.000000 -1.864462 98.289590 0.000000 17.663668 0.002715 
248 -7.125000 0.000000 -1.864462 98.403952 0.000000 17.538839 0.000905 
249 -5.218750 0.000000 -3.743210 98.234631 0.000000 17.504810 0.004354 
250 -5.218750 0.000000 0.014286 98.491781 0.000000 17.734257 -0.001513 
251 -2.359375 0.000000 -0.925088 97.740885 0.000000 18.380417 0.010888 
252 -3.312500 0.000000 -0.925088 98.138592 0.000000 18.029975 0.004374 
253 -2.359375 0.000000 -1.864462 97.536314 0.000000 17.865527 0.016749 
254 -2.359375 0.000000 0.014286 98.427884 0.000000 18.729308 -0.003884 
255 -0.929688 0.000000 -0.455401 95.770471 0.000000 20.792002 0.039571 
256 -1.406250 0.000000 -0.455401 97.129987 0.000000 19.754073 0.017554 
257 -0.929688 0.000000 -0.925088 95.321765 0.000000 19.008966 0.055242 
258 -0.929688 0.000000 0.014286 97.966098 0.000000 22.242074 -0.009207 
259 -0.214844 0.000000 -0.220557 84.658857 -0.002141 33.761011 0.169307 
260 -0.453125 0.000000 -0.220557 40.754830 -0.002449 73.318926 0.296338 
261 -0.214844 0.000000 -0.455401 29.007221 -0.003654 20.393949 0.874267 
262 -0.214844 0.000000 0.014286 88.437930 -0.001973 31.455448 0.118929 
263 0.142578 0.000000 -0.103135 91.840945 -0.001689 16.707566 0.128610 
264 0.023438 0.000000 -0.103135 91.678253 -0.001670 23.912754 0.102328 
265 0.142578 0.000000 -0.220557 92.589685 -0.001597 20.591871 0.100312 
266 0.142578 0.000000 0.014286 100.221780 -0.001361 17.745849 -0.035932 
267 -22.375000 0.000000 7.529278 98.496113 0.000000 17.381858 -0.000361 
268 -30.000000 0.000000 7.529278 98.488103 -0.000000 17.375439 -0.000181 
269 -22.375000 0.000000 15.044270 98.500242 0.000000 17.373115 -0.000412 
270 -10.937500 0.000000 3.771782 98.540170 0.000000 17.434631 -0.001413 
271 -14.750000 0.000000 3.771782 98.509183 0.000000 17.408070 -0.000710 
272 -10.937500 0.000000 7.529278 98.557818 0.000000 17.399234 -0.001638 
273 -5.218750 0.000000 1.893034 98.705544 0.000000 17.675518 -0.005521 
274 -7.125000 0.000000 1.893034 98.585822 0.000000 17.541983 -0.002689 
275 -5.218750 0.000000 3.771782 98.775453 0.000000 17.511837 -0.006325 
276 -2.359375 0.000000 0.953660 99.192825 0.000000 18.499637 -0.018145 
277 -3.312500 0.000000 0.953660 98.830354 0.000000 18.074132 -0.009411 
278 -2.359375 0.000000 1.893034 99.510374 0.000000 17.981101 -0.022563 
279 -0.929688 0.000000 0.483973 100.616274 -0.000000 21.507425 -0.058620 
280 -1.406250 0.000000 0.483973 99.514979 0.000000 20.044992 -0.030503 
281 -0.929688 0.000000 0.953660 101.670704 -0.000000 19.728274 -0.072614 
282 -0.214844 0.000000 0.249130 87.793887 -0.002012 35.264657 0.104864 
283 -0.453125 0.000000 0.249130 62.513851 -0.001749 103.250987 -0.456875 
284 -0.214844 0.000000 0.483973 128.109961 -0.000634 96.909356 -1.580359 
285 -0.095703 0.000000 -0.103135 89.581844 -0.001873 27.498201 0.121894 
286 -0.214844 0.000000 -0.103135 84.795275 -0.002186 32.412023 0.175922 
287 -0.095703 0.000000 -0.220557 87.489080 -0.002064 27.949335 0.156450 
288 -0.095703 0.000000 0.014286 90.538520 -0.001825 28.329311 0.100023 
289 0.142578 0.000000 0.131708 102.961619 -0.001026 20.728920 -0.103078 
290 0.023438 0.000000 0.131708 94.534616 -0.001526 24.908471 0.044277 
291 0.142578 0.000000 0.249130 98.070307 -0.001148 21.112498 -0.006352 
292 0.083008 0.000000 -0.044425 78.698293 -0.002763 7.604959 0.374874 
293 0.023438 0.000000 -0.044425 67.302946 -0.002782 8.839540 0.539218 
294 0.083008 0.000000 -0.103135 92.472178 -0.001644 22.824016 0.092796 
295 0.142578 0.000000 -0.044425 86.153814 -0.002369 9.528014 0.248674 
296 0.083008 0.000000 0.014286 105.523882 -0.001236 26.053893 -0.181410 
297 -0.095703 0.000000 0.131708 92.018814 -0.001762 28.427069 0.072444 
298 -0.214844 0.000000 0.131708 89.924093 -0.001854 33.466358 0.079366 
299 -0.095703 0.000000 0.249130 93.594702 -0.001676 29.134802 0.039119 
300 -0.036133 0.000000 -0.044425 90.346625 -0.001848 27.401389 0.108665 
301 -0.095703 0.000000 -0.044425 89.949886 -0.001852 27.977949 0.112625 
302 -0.036133 0.000000 -0.103135 89.894822 -0.001872 26.901035 0.119526 
303 -0.036133 0.000000 0.014286 91.036086 -0.001815 27.789534 0.094017 
304 0.083008 0.000000 0.072997 111.823354 -0.001037 27.413520 -0.325596 
305 0.023438 0.000000 0.072997 93.742129 -0.001569 24.944798 0.059017 
306 0.142578 0.000000 0.072997 118.201916 -0.000605 22.190211 -0.446410 
307 0.083008 0.000000 0.131708 95.450505 -0.001487 23.822282 0.032170 
308 0.053223 0.000000 -0.015069 76.643072 -0.002751 8.165007 0.405917 
309 0.023438 0.000000 -0.015069 49.433661 -0.003376 1.143107 0.755501 
310 0.053223 0.000000 -0.044425 74.290889 -0.002902 6.076709 0.444394 
311 0.083008 0.000000 -0.015069 80.719781 -0.002567 10.224719 0.337977 
312 0.053223 0.000000 0.014286 111.259174 -0.001154 33.961861 -0.353201 
313 -0.036133 0.000000 0.072997 91.855938 -0.001778 27.980801 0.077956 
314 -0.095703 0.000000 0.072997 91.267415 -0.001793 28.483006 0.085898 
315 -0.036133 0.000000 0.131708 92.661094 -0.001743 27.954750 0.063245 
316 -0.006348 0.000000 -0.015069 40.190482 -0.002400 31.190701 0.741187 
317 -0.036133 0.000000 -0.015069 90.666537 -0.001832 27.615820 0.101695 
318 -0.006348 0.000000 -0.044425 91.812081 -0.001657 24.874306 0.095181 
319 -0.006348 0.000000 0.014286 79.312444 -0.001614 79.509020 -0.261215 
320 0.053223 0.000000 0.043642 134.540476 -0.000556 44.994462 -1.012564 
321 0.023438 0.000000 0.043642 120.709876 -0.000957 51.300983 -0.720267 
322 0.083008 0.000000 0.043642 123.678434 -0.000744 33.095977 -0.639170 
323 0.053223 0.000000 0.072997 114.806773 -0.001012 32.763988 -0.425407 
324 0.321289 0.000000 0.072997 117.411634 0.000348 6.892627 -0.383300 
325 0.261719 0.000000 0.072997 110.379653 -0.000359 13.311127 -0.236085 
326 0.321289 0.000000 0.014286 100.839312 -0.000657 10.990862 -0.028937 
327 0.380859 0.000000 0.072997 106.729940 0.000197 8.145400 -0.145763 
328 0.321289 0.000000 0.131708 103.917061 -0.000287 12.129640 -0.094588 
329 0.619141 0.000000 0.131708 105.577867 0.001941 -3.391940 -0.115819 
330 0.619141 0.000000 0.249130 101.586878 0.001537 -2.667045 -0.032701 
331 0.797852 0.000000 0.072997 101.682011 0.002979 -7.158029 -0.039047 
332 0.738281 0.000000 0.072997 103.725680 0.002830 -6.624932 -0.080291 
333 0.797852 0.000000 0.131708 98.381797 0.002139 -4.102364 0.030419 
334 0.887207 0.000000 0.043642 99.796207 0.002864 -7.179568 -0.001083 
335 0.857422 0.000000 0.043642 100.295670 0.002890 -7.227563 -0.011146 
336 0.916992 0.000000 0.043642 98.952866 0.003057 -9.210959 0.012349 
337 0.887207 0.000000 0.072997 98.723817 0.002582 -6.194856 0.021523 
338 0.946777 0.000000 0.043642 97.391423 0.002700 -7.566710 0.045766 
339 0.946777 0.000000 0.072997 96.266913 0.002360 -4.408509 0.071325 
340 0.961670 0.000000 -0.000391 91.797454 0.003099 -3.339445 0.156208 
341 0.946777 0.000000 -0.000391 93.980865 0.002612 -4.110508 0.115070 
342 0.961670 0.000000 -0.015069 92.894362 0.002881 -3.062598 0.136126 
343 0.961670 0.000000 0.014286 93.603545 0.002634 -6.879800 0.119104 
344 2.882812 0.000000 0.483973 99.537003 -0.000000 8.884117 0.001346 
345 2.882812 0.000000 0.014286 99.108781 0.000000 8.669984 0.010228 
346 3.359375 0.000000 0.483973 99.532381 -0.000000 9.206694 0.000854 
347 2.882812 0.000000 0.953660 99.832799 -0.000000 9.840034 -0.006341 
348 2.167969 0.000000 0.249130 99.280897 -0.000000 7.623836 0.008518 
349 1.929688 0.000000 0.249130 99.298670 -0.000000 7.027853 0.009038 
350 2.167969 0.000000 0.014286 98.784094 0.000000 7.606306 0.018385 
351 2.406250 0.000000 0.249130 99.285801 -0.000000 8.065761 0.007727 
352 2.167969 0.000000 0.483973 99.736449 -0.000000 8.017275 -0.001164 
353 5.265625 0.000000 0.953660 99.683349 -0.000000 10.081472 -0.003841 
354 5.265625 0.000000 0.014286 99.508227 0.000000 10.212454 -0.000618 
355 6.218750 0.000000 0.953660 99.725435 -0.000000 9.943781 -0.004404 
356 5.265625 0.000000 1.893034 99.533017 -0.000000 11.727156 -0.004435 
357 3.835938 0.000000 0.483973 99.569928 -0.000000 9.376545 -0.000209 
358 3.835938 0.000000 0.014286 99.363941 -0.000000 9.441957 0.003766 
359 4.312500 0.000000 0.483973 99.618718 -0.000000 9.478908 -0.001374 
360 3.835938 0.000000 0.953660 99.654006 -0.000000 10.110499 -0.003314 
361 2.882812 0.000000 -0.455401 98.625186 0.000000 9.571598 0.018146 
362 2.882812 0.000000 -0.925088 98.247204 0.000000 10.806624 0.023070 
363 3.359375 0.000000 -0.455401 98.886167 0.000000 10.012223 0.012128 
364 3.121094 0.000000 0.249130 99.373271 -0.000000 8.849606 0.004664 
365 2.882812 0.000000 0.249130 99.338455 -0.000000 8.621457 0.005754 
366 3.121094 0.000000 0.014286 99.186289 0.000000 8.927739 0.008238 
367 3.359375 0.000000 0.249130 99.410264 -0.000000 9.008037 0.003645 
368 3.121094 0.000000 0.483973 99.527778 -0.000000 9.080232 0.001177 
369 5.265625 0.000000 -0.925088 99.055010 0.000000 12.101846 0.004165 
370 5.265625 0.000000 -1.864462 98.707165 0.000000 13.695238 0.006934 
371 6.218750 0.000000 -0.925088 99.102696 0.000000 12.481291 0.002287 
372 3.835938 0.000000 -0.455401 99.054497 0.000000 10.350264 0.008108 
373 3.835938 0.000000 -0.925088 98.769612 0.000000 11.392337 0.011478 
374 4.312500 0.000000 -0.455401 99.165396 0.000000 10.645387 0.005290 
375 1.691406 0.000000 0.249130 99.371764 -0.000000 6.161024 0.008729 
376 1.691406 0.000000 0.014286 98.318638 0.000000 6.134440 0.029581 
377 1.691406 0.000000 0.483973 100.303755 -0.000000 6.811301 -0.010724 
378 0.321289 0.000000 -0.044425 92.077522 -0.001686 8.398492 0.145120 
379 0.261719 0.000000 -0.044425 92.217952 -0.001761 10.765915 0.137994 
380 0.321289 0.000000 -0.103135 95.891689 -0.000952 12.205781 0.065580 
381 0.440430 0.000000 0.072997 116.905424 0.001475 -0.941189 -0.366776 
382 0.500000 0.000000 0.072997 103.563601 0.000996 3.712291 -0.073920 
383 0.440430 0.000000 0.131708 103.269265 0.000320 7.752548 -0.072464 
384 0.202148 0.000000 -0.044425 91.041542 -0.001838 11.447298 0.158040 
385 0.202148 0.000000 -0.103135 93.390806 -0.001545 16.026629 0.102130 
386 0.202148 0.000000 0.014286 104.076996 -0.000959 15.523116 -0.107299 
387 0.202148 0.000000 0.072997 111.414242 -0.000512 16.537287 -0.268662 
388 0.202148 0.000000 0.131708 103.337477 -0.000747 17.148288 -0.097270 
389 -0.006348 0.000000 0.043642 92.903746 -0.001604 25.359273 0.072580 
390 -0.036133 0.000000 0.043642 91.438882 -0.001797 27.912904 0.085980 
391 -0.006348 0.000000 0.072997 93.318697 -0.001583 25.411495 0.064588 
392 2.644531 0.000000 0.249130 99.304118 -0.000000 8.403354 0.006808 
393 2.644531 0.000000 0.014286 99.021650 0.000000 8.425874 0.012372 
394 2.644531 0.000000 0.483973 99.555511 -0.000000 8.699327 0.001302 
395 1.691406 0.000000 -0.220557 97.417914 0.000000 6.806687 0.046342 
396 1.691406 0.000000 -0.455401 96.827580 0.000000 7.869638 0.056249 
397 1.929688 0.000000 -0.220557 97.957048 0.000000 7.498266 0.034819 
398 2.167969 0.000000 -0.220557 98.306291 0.000000 8.022634 0.027151 
399 2.167969 0.000000 -0.455401 97.905567 0.000000 8.702942 0.033876 
400 2.406250 0.000000 -0.220557 98.549324 0.000000 8.446721 0.021668 
401 2.644531 0.000000 -0.220557 98.728552 0.000000 8.794311 0.017533 
402 2.644531 0.000000 -0.455401 98.456060 0.000000 9.353586 0.021891 
403 2.882812 0.000000 -0.220557 98.862291 0.000000 9.038185 0.014456 
1 7 12 10 11 
2 12 2 13 10 
3 1 17 15 16 
4 17 7 11 15 
5 19 21 3 22 
6 20 19 22 9 
7 11 25 23 24 
8 25 10 26 23 
9 28 20 9 30 
10 29 28 30 4 
11 15 33 31 32 
12 33 11 24 31 
13 35 37 19 38 
14 36 35 38 20 
15 24 41 39 40 
16 41 23 42 39 
17 44 36 20 46 
18 45 44 46 28 
19 31 49 47 48 
20 49 24 40 47 
21 51 53 35 54 
22 52 51 54 36 
23 40 57 55 56 
24 57 39 58 55 
25 60 52 36 62 
26 61 60 62 44 
27 47 65 63 64 
28 65 40 56 63 
29 67 69 51 70 
30 68 67 70 52 
31 56 73 71 72 
32 73 55 74 71 
33 76 68 52 78 
34 77 76 78 60 
35 63 81 79 80 
36 81 56 72 79 
37 83 85 67 86 
38 84 83 86 68 
39 72 89 87 88 
40 89 71 90 87 
41 10 93 92 26 
42 93 13 94 92 
43 92 94 8 95 
44 26 92 95 14 
45 23 97 96 42 
46 97 26 98 96 
47 96 98 14 99 
48 42 96 99 27 
49 39 101 100 58 
50 101 42 102 100 
51 100 102 27 103 
52 55 105 104 74 
53 105 58 106 104 
54 71 109 108 90 
55 109 74 110 108 
56 112 84 68 114 
57 113 112 114 76 
58 115 117 83 118 
59 116 115 118 84 
60 87 121 119 120 
61 121 90 122 119 
62 119 122 75 123 
63 79 126 124 125 
64 126 72 88 124 
65 88 130 128 129 
66 130 87 120 128 
67 14 95 132 37 
68 95 8 133 132 
69 132 133 21 134 
70 37 132 134 19 
71 27 99 135 53 
72 99 14 136 135 
73 135 136 37 137 
74 53 135 137 35 
75 103 27 139 138 
76 138 139 53 140 
77 69 138 140 51 
78 141 142 69 143 
79 85 141 143 67 
80 144 145 85 146 
81 117 144 146 83 
82 123 75 149 147 
83 147 149 117 150 
84 148 147 150 115 
85 120 153 151 152 
86 153 119 154 151 
87 151 154 123 155 
88 156 116 84 158 
89 157 156 158 112 
90 159 148 115 161 
91 160 159 161 116 
92 128 164 162 163 
93 164 120 152 162 
94 155 123 168 166 
95 166 168 147 169 
96 167 166 169 148 
97 152 172 170 171 
98 172 151 173 170 
99 170 173 155 174 
100 175 167 148 177 
101 176 175 177 159 
102 162 180 178 179 
103 180 152 171 178 
104 174 155 184 182 
105 182 184 166 185 
106 183 182 185 167 
107 171 188 186 187 
108 188 170 189 186 
109 186 189 174 190 
110 191 183 167 193 
111 192 191 193 175 
112 178 196 194 195 
113 196 171 187 194 
114 195 194 197 181 
115 91 190 198 199 
116 190 174 200 198 
117 198 200 182 201 
118 199 198 201 183 
119 187 204 202 203 
120 204 186 205 202 
121 202 205 190 206 
122 203 202 206 91 
123 124 209 207 208 
124 209 88 129 207 
125 129 213 211 212 
126 213 128 163 211 
127 211 163 131 214 
128 212 211 214 5 
129 163 217 215 216 
130 217 162 179 215 
131 215 179 165 218 
132 216 215 218 131 
133 179 221 219 220 
134 221 178 195 219 
135 219 195 181 222 
136 220 219 222 165 
137 223 160 116 225 
138 224 223 225 156 
139 207 228 226 227 
140 228 129 212 226 
141 230 232 160 233 
142 231 230 233 223 
143 226 236 234 235 
144 236 212 237 234 
145 234 237 5 238 
146 235 234 238 229 
147 16 241 239 240 
148 241 15 32 239 
149 239 32 18 242 
150 240 239 242 6 
151 32 245 243 244 
152 245 31 48 243 
153 243 48 34 246 
154 244 243 246 18 
155 48 249 247 248 
156 249 47 64 247 
157 247 64 50 250 
158 248 247 250 34 
159 64 253 251 252 
160 253 63 80 251 
161 251 80 66 254 
162 252 251 254 50 
163 80 257 255 256 
164 257 79 125 255 
165 255 125 82 258 
166 256 255 258 66 
167 125 261 259 260 
168 261 124 208 259 
169 260 259 262 82 
170 208 265 263 264 
171 265 207 227 263 
172 6 242 267 268 
173 242 18 45 267 
174 267 45 28 269 
175 268 267 269 29 
176 18 246 270 271 
177 246 34 61 270 
178 270 61 44 272 
179 271 270 272 45 
180 34 250 273 274 
181 250 50 77 273 
182 273 77 60 275 
183 274 273 275 61 
184 50 254 276 277 
185 254 66 113 276 
186 276 113 76 278 
187 277 276 278 77 
188 66 258 279 280 
189 258 82 157 279 
190 279 157 112 281 
191 280 279 281 113 
192 82 262 282 283 
193 282 224 156 284 
194 283 282 284 157 
195 259 287 285 286 
196 287 208 264 285 
197 286 285 288 262 
198 289 231 223 291 
199 290 289 291 224 
200 264 294 292 293 
201 294 263 295 292 
202 292 295 266 296 
203 262 288 297 298 
204 297 290 224 299 
205 298 297 299 282 
206 285 302 300 301 
207 302 264 293 300 
208 301 300 303 288 
209 296 266 306 304 
210 304 306 289 307 
211 305 304 307 290 
212 293 310 308 309 
213 310 292 311 308 
214 308 311 296 312 
215 309 308 312 127 
216 288 303 313 314 
217 313 305 290 315 
218 314 313 315 297 
219 300 318 316 317 
220 318 293 309 316 
221 316 309 127 319 
222 317 316 319 303 
223 127 312 320 321 
224 312 296 322 320 
225 320 322 304 323 
226 321 320 323 305 
227 210 326 324 325 
228 326 229 327 324 
229 324 327 230 328 
230 325 324 328 231 
231 5 214 329 232 
232 214 131 176 329 
233 329 176 159 330 
234 232 329 330 160 
235 131 218 331 332 
236 218 165 192 331 
237 331 192 175 333 
238 332 331 333 176 
239 165 222 334 335 
240 222 181 336 334 
241 334 336 191 337 
242 335 334 337 192 
243 181 197 338 336 
244 197 91 199 338 
245 338 199 183 339 
246 336 338 339 191 
247 194 342 340 341 
248 342 187 203 340 
249 340 203 91 343 
250 341 340 343 197 
251 344 346 141 347 
252 145 344 347 85 
253 111 350 348 349 
254 350 59 351 348 
255 348 351 145 352 
256 349 348 352 144 
257 43 354 353 142 
258 354 103 355 353 
259 353 355 138 356 
260 142 353 356 69 
261 107 358 357 346 
262 358 43 359 357 
263 357 359 142 360 
264 346 357 360 141 
265 74 362 361 110 
266 362 104 363 361 
267 361 363 107 345 
268 345 366 364 365 
269 366 107 367 364 
270 364 367 346 368 
271 365 364 368 344 
272 58 370 369 106 
273 370 100 371 369 
274 369 371 103 354 
275 106 369 354 43 
276 104 373 372 363 
277 373 106 374 372 
278 372 374 43 358 
279 363 372 358 107 
280 75 376 375 149 
281 376 111 349 375 
282 375 349 144 377 
283 149 375 377 117 
284 227 380 378 379 
285 380 226 235 378 
286 378 235 229 326 
287 379 378 326 210 
288 229 238 381 327 
289 238 5 382 381 
290 381 382 232 383 
291 327 381 383 230 
292 263 385 384 295 
293 385 227 379 384 
294 384 379 210 386 
295 295 384 386 266 
296 266 386 387 306 
297 386 210 325 387 
298 387 325 231 388 
299 306 387 388 289 
300 303 319 389 390 
301 319 127 321 389 
302 389 321 305 391 
303 390 389 391 313 
304 59 393 392 351 
305 393 345 365 392 
306 392 365 344 394 
307 351 392 394 145 
308 90 396 395 122 
309 396 108 397 395 
310 395 397 111 376 
311 122 395 376 75 
312 108 399 398 397 
313 399 110 400 398 
314 398 400 59 350 
315 397 398 350 111 
316 110 402 401 400 
317 402 361 403 401 
318 401 403 345 393 
319 400 401 393 59 
