2 0.000000 100.000000 747.808936
378 298 
1 -30.000000 0.000000 -30.045681 99.752248 0.000000 6.976468 0.000082 
2 31.000000 0.000000 -30.045681 99.753350 -0.000000 6.953088 0.000092 
3 31.000000 0.000000 30.074253 99.762418 0.000000 6.946015 -0.000079 
4 -30.000000 0.000000 30.074253 99.760992 -0.000000 6.976405 -0.000093 
5 0.500000 0.000000 0.014286 101.225980 0.000556 1.454865 -0.024882 
6 -30.000000 0.000000 0.014286 99.756560 0.000000 6.981786 -0.000012 
7 0.500000 0.000000 -30.045681 99.744779 0.000000 6.963819 0.000248 
8 31.000000 0.000000 0.014286 99.895801 0.000000 4.966434 -0.000384 
9 0.500000 0.000000 30.074253 99.769925 -0.000000 6.962252 -0.000251 
10 15.750000 0.000000 -15.015697 99.744188 0.000000 6.886979 0.000367 
11 0.500000 0.000000 -15.015697 99.710792 0.000000 6.928692 0.000975 
12 15.750000 0.000000 -30.045681 99.748727 0.000000 6.954889 0.000182 
13 31.000000 0.000000 -15.015697 99.756962 -0.000000 6.896096 0.000099 
14 15.750000 0.000000 0.014286 99.957909 -0.000000 4.016084 -0.000771 
15 -14.750000 0.000000 -15.015697 99.739595 0.000000 6.978630 0.000331 
16 -30.000000 0.000000 -15.015697 99.752243 0.000000 6.979266 0.000078 
17 -14.750000 0.000000 -30.045681 99.747928 0.000000 6.973413 0.000172 
18 -14.750000 0.000000 0.014286 99.755990 0.000000 7.000337 -0.000026 
19 15.750000 0.000000 15.044270 99.779775 0.000000 6.860859 -0.000307 
20 0.500000 0.000000 15.044270 99.810024 -0.000000 6.923166 -0.000997 
21 31.000000 0.000000 15.044270 99.769145 0.000000 6.843336 -0.000071 
22 15.750000 0.000000 30.074253 99.766625 -0.000000 6.950869 -0.000169 
23 8.125000 0.000000 -7.500705 99.707338 0.000000 6.646373 0.001427 
24 0.500000 0.000000 -7.500705 99.584227 0.000000 6.797486 0.003678 
25 8.125000 0.000000 -15.015697 99.726176 0.000000 6.894195 0.000716 
26 15.750000 0.000000 -7.500705 99.757136 -0.000000 6.676541 0.000394 
27 8.125000 0.000000 0.014286 99.973116 -0.000000 3.467054 -0.000664 
28 -14.750000 0.000000 15.044270 99.774654 0.000000 6.978942 -0.000369 
29 -30.000000 0.000000 15.044270 99.760995 0.000000 6.979317 -0.000097 
30 -14.750000 0.000000 30.074253 99.765844 -0.000000 6.973095 -0.000185 
31 -7.125000 0.000000 -7.500705 99.688687 0.000000 6.985566 0.001337 
32 -14.750000 0.000000 -7.500705 99.739122 0.000000 6.989744 0.000325 
33 -7.125000 0.000000 -15.015697 99.722631 0.000000 6.966198 0.000687 
34 -7.125000 0.000000 0.014286 99.747617 -0.000000 7.074447 0.000037 
35 8.125000 0.000000 7.529278 99.842740 0.000000 6.563767 -0.001166 
36 0.500000 0.000000 7.529278 99.962561 0.000000 6.780908 -0.003849 
37 15.750000 0.000000 7.529278 99.801796 0.000000 6.512078 -0.000281 
38 8.125000 0.000000 15.044270 99.796467 0.000000 6.879048 -0.000666 
39 4.312500 0.000000 -3.743210 99.563358 -0.000000 5.955044 0.005168 
40 0.500000 0.000000 -3.743210 99.186489 -0.000000 6.417916 0.012085 
41 4.312500 0.000000 -7.500705 99.640928 -0.000000 6.673671 0.002715 
42 8.125000 0.000000 -3.743210 99.742815 -0.000000 6.019969 0.001513 
43 4.312500 0.000000 0.014286 99.883735 -0.000000 3.076770 0.001377 
44 -7.125000 0.000000 7.529278 99.827900 0.000000 6.990993 -0.001448 
45 -14.750000 0.000000 7.529278 99.774275 -0.000000 6.990793 -0.000378 
46 -7.125000 0.000000 15.044270 99.794040 0.000000 6.965947 -0.000737 
47 -3.312500 0.000000 -3.743210 99.494197 -0.000000 7.003290 0.005186 
48 -7.125000 0.000000 -3.743210 99.684009 -0.000000 7.029000 0.001369 
49 -3.312500 0.000000 -7.500705 99.625172 0.000000 6.936235 0.002671 
50 -3.312500 0.000000 0.014286 99.686360 -0.000000 7.356343 0.000851 
51 4.312500 0.000000 3.771782 100.037072 0.000000 5.771118 -0.004072 
52 0.500000 0.000000 3.771782 100.473428 0.000000 6.380547 -0.013562 
53 8.125000 0.000000 3.771782 99.889556 0.000000 5.698151 -0.001039 
54 4.312500 0.000000 7.529278 99.907166 0.000000 6.622466 -0.002530 
55 2.406250 0.000000 -1.864462 99.099594 -0.000000 4.777024 0.015645 
56 0.500000 0.000000 -1.864462 98.259198 -0.000000 5.714745 0.031247 
57 2.406250 0.000000 -3.743210 99.354488 -0.000000 6.060778 0.009195 
58 4.312500 0.000000 -1.864462 99.606302 -0.000000 4.817336 0.005538 
59 2.406250 0.000000 0.014286 99.566090 0.000000 2.352162 0.008106 
60 -3.312500 0.000000 3.771782 100.023326 0.000000 7.051599 -0.005439 
61 -7.125000 0.000000 3.771782 99.823342 0.000000 7.039371 -0.001425 
62 -3.312500 0.000000 7.529278 99.903391 0.000000 6.942426 -0.002888 
63 -1.406250 0.000000 -1.864462 98.874153 -0.000000 7.057383 0.017410 
64 -3.312500 0.000000 -1.864462 99.464849 0.000000 7.164680 0.005541 
65 -1.406250 0.000000 -3.743210 99.289448 -0.000000 6.828210 0.009498 
66 -1.406250 0.000000 0.014286 99.391443 -0.000000 8.355895 0.005152 
67 2.406250 0.000000 1.893034 100.506162 0.000000 4.415124 -0.012098 
68 0.500000 0.000000 1.893034 101.837453 0.000000 5.621243 -0.040247 
69 4.312500 0.000000 1.893034 100.049802 0.000000 4.509696 -0.003030 
70 2.406250 0.000000 3.771782 100.264796 0.000000 5.914474 -0.008801 
71 1.453125 0.000000 -0.925088 98.099125 -0.000000 3.601477 0.036359 
72 0.500000 0.000000 -0.925088 96.994990 -0.000000 4.890151 0.056806 
73 1.453125 0.000000 -1.864462 98.617640 -0.000000 5.025706 0.024930 
74 2.406250 0.000000 -0.925088 99.098131 -0.000000 3.541247 0.016702 
75 1.453125 0.000000 0.014286 86.245451 0.001808 -4.494656 0.254152 
76 -1.406250 0.000000 1.893034 100.646863 0.000000 7.347342 -0.018377 
77 -3.312500 0.000000 1.893034 99.987010 0.000000 7.242171 -0.004985 
78 -1.406250 0.000000 3.771782 100.291670 0.000000 6.891868 -0.010592 
79 -0.453125 0.000000 -0.925088 97.337615 -0.000000 7.083768 0.047521 
80 -1.406250 0.000000 -0.925088 98.720303 -0.000000 7.606889 0.019644 
81 -0.453125 0.000000 -1.864462 98.383936 -0.000000 6.575723 0.027736 
82 -0.453125 0.000000 0.014286 64.450637 -0.001113 24.101793 0.526522 
83 1.453125 0.000000 0.953660 101.429585 0.000000 2.478998 -0.029411 
84 0.500000 0.000000 0.953660 104.576239 0.000000 4.434399 -0.095585 
85 2.406250 0.000000 0.953660 100.281074 0.000000 3.126333 -0.006607 
86 1.453125 0.000000 1.893034 101.176634 0.000000 4.597263 -0.025785 
87 0.976562 0.000000 -0.455401 92.852762 0.001246 -2.389152 0.137266 
88 0.500000 0.000000 -0.455401 96.848573 -0.000481 3.616432 0.060728 
89 0.976562 0.000000 -0.925088 97.454628 -0.000000 4.087478 0.048589 
90 1.453125 0.000000 -0.455401 97.888342 -0.000000 2.347554 0.041236 
91 0.976562 0.000000 0.014286 90.369958 0.001606 -7.724301 0.177361 
92 23.375000 0.000000 -7.500705 99.767189 -0.000000 6.711594 0.000146 
93 23.375000 0.000000 -15.015697 99.753121 0.000000 6.890665 0.000183 
94 31.000000 0.000000 -7.500705 99.769183 -0.000000 6.740207 0.000068 
95 23.375000 0.000000 0.014286 99.925923 -0.000000 4.521149 -0.000563 
96 11.937500 0.000000 -3.743210 99.785040 -0.000000 6.114193 0.000556 
97 11.937500 0.000000 -7.500705 99.741832 0.000000 6.657736 0.000724 
98 15.750000 0.000000 -3.743210 99.795777 -0.000000 6.193626 0.000244 
99 11.937500 0.000000 0.014286 99.971261 -0.000000 3.747794 -0.000830 
100 6.218750 0.000000 -1.864462 99.766338 -0.000000 4.962164 0.002205 
101 6.218750 0.000000 -3.743210 99.684206 -0.000000 5.973374 0.002738 
102 8.125000 0.000000 -1.864462 99.823495 -0.000000 5.100311 0.000926 
103 6.218750 0.000000 0.014286 99.954978 -0.000000 3.296600 -0.000187 
104 3.359375 0.000000 -0.925088 99.523966 -0.000000 3.742083 0.008098 
105 3.359375 0.000000 -1.864462 99.420841 -0.000000 4.757115 0.009287 
106 4.312500 0.000000 -0.925088 99.714730 -0.000000 3.911954 0.004167 
107 3.359375 0.000000 0.014286 99.782840 -0.000000 2.856773 0.003522 
108 1.929688 0.000000 -0.455401 98.804768 -0.000000 2.548786 0.023112 
109 1.929688 0.000000 -0.925088 98.691162 -0.000000 3.477892 0.024796 
110 2.406250 0.000000 -0.455401 99.251147 -0.000000 2.828309 0.014121 
111 1.929688 0.000000 0.014286 99.315157 -0.000000 1.804475 0.013324 
112 -0.453125 0.000000 0.953660 102.404885 0.000000 8.411137 -0.055751 
113 -1.406250 0.000000 0.953660 100.469109 0.000000 8.035913 -0.015862 
114 -0.453125 0.000000 1.893034 101.442043 0.000000 6.915238 -0.033831 
115 0.976562 0.000000 0.483973 95.473930 0.001788 -6.596027 0.084122 
116 0.500000 0.000000 0.483973 119.081516 0.001495 -3.483618 -0.419254 
117 1.453125 0.000000 0.483973 100.648619 0.000000 0.898494 -0.013095 
118 0.976562 0.000000 0.953660 102.972485 0.000000 2.654826 -0.061038 
119 1.214844 0.000000 -0.220557 93.361475 0.001522 -4.422020 0.126408 
120 0.976562 0.000000 -0.220557 96.209158 0.001361 -3.564771 0.073109 
121 1.214844 0.000000 -0.455401 81.339629 0.001855 -4.218262 0.336607 
122 1.453125 0.000000 -0.220557 76.583846 0.001638 -3.972683 0.411913 
123 1.214844 0.000000 0.014286 94.521366 0.001518 -4.418592 0.104619 
124 0.023438 0.000000 -0.455401 82.282112 -0.000970 12.287358 0.307867 
125 -0.453125 0.000000 -0.455401 96.480078 -0.000000 8.384330 0.062130 
126 0.023438 0.000000 -0.925088 96.817970 -0.000000 5.992200 0.059037 
127 0.023438 0.000000 0.014286 103.612463 -0.000340 40.846809 -0.240400 
128 0.738281 0.000000 -0.220557 99.058925 0.001141 -2.991645 0.017838 
129 0.500000 0.000000 -0.220557 103.997741 0.000503 -0.716344 -0.081604 
130 0.738281 0.000000 -0.455401 97.238471 0.001190 -2.633156 0.053775 
131 0.738281 0.000000 0.014286 101.993407 0.001332 -3.746120 -0.041669 
132 23.375000 0.000000 7.529278 99.797281 0.000000 6.450436 -0.000111 
133 31.000000 0.000000 7.529278 99.800446 0.000000 6.369932 -0.000070 
134 23.375000 0.000000 15.044270 99.772060 0.000000 6.851838 -0.000141 
135 11.937500 0.000000 3.771782 99.866301 0.000000 5.602971 -0.000467 
136 15.750000 0.000000 3.771782 99.866681 0.000000 5.478195 -0.000336 
137 11.937500 0.000000 7.529278 99.813188 0.000000 6.536887 -0.000540 
138 6.218750 0.000000 1.893034 99.965706 0.000000 4.514331 -0.001352 
139 8.125000 0.000000 1.893034 99.945281 0.000000 4.465369 -0.000900 
140 6.218750 0.000000 3.771782 99.931959 0.000000 5.732417 -0.001926 
141 3.359375 0.000000 0.953660 100.049227 0.000000 3.483866 -0.002199 
142 4.312500 0.000000 0.953660 99.992132 0.000000 3.629320 -0.001160 
143 3.359375 0.000000 1.893034 100.185681 0.000000 4.460627 -0.005707 
144 1.929688 0.000000 0.483973 100.100225 0.000000 1.998701 -0.002405 
145 2.406250 0.000000 0.483973 99.961776 0.000000 2.550333 0.000114 
146 1.929688 0.000000 0.953660 100.639953 0.000000 2.810209 -0.013630 
147 1.214844 0.000000 0.249130 93.520843 0.001536 -4.659203 0.123214 
148 0.976562 0.000000 0.249130 97.498321 0.001495 -4.604857 0.047287 
149 1.453125 0.000000 0.249130 76.583846 0.001638 -3.972683 0.411913 
150 1.214844 0.000000 0.483973 101.500572 0.000000 0.022983 -0.030237 
151 1.095703 0.000000 -0.103135 95.651140 0.001469 -4.135151 0.083376 
152 0.976562 0.000000 -0.103135 96.892824 0.001393 -3.865810 0.059684 
153 1.095703 0.000000 -0.220557 94.774121 0.001494 -4.231908 0.099996 
154 1.214844 0.000000 -0.103135 93.470431 0.001424 -3.743844 0.124926 
155 1.095703 0.000000 0.014286 95.635494 0.001481 -4.253440 0.083576 
156 0.023438 0.000000 0.483973 93.046132 -0.000497 22.860956 0.081979 
157 -0.453125 0.000000 0.483973 101.942833 0.000000 10.702692 -0.050689 
158 0.023438 0.000000 0.953660 104.232404 0.000000 7.177232 -0.091591 
159 0.738281 0.000000 0.249130 100.697076 0.001263 -3.466863 -0.015192 
160 0.500000 0.000000 0.249130 106.373388 0.000640 1.780008 -0.131847 
161 0.738281 0.000000 0.483973 105.741842 0.001612 -7.153206 -0.123251 
162 0.857422 0.000000 -0.103135 98.381048 0.001283 -3.473277 0.030911 
163 0.738281 0.000000 -0.103135 99.634616 0.001018 -1.871252 0.006944 
164 0.857422 0.000000 -0.220557 97.613758 0.001270 -3.343928 0.046037 
165 0.857422 0.000000 0.014286 99.779601 0.001333 -4.809952 0.002090 
166 1.095703 0.000000 0.131708 95.842547 0.001487 -4.353456 0.079525 
167 0.976562 0.000000 0.131708 97.161228 0.001421 -4.160865 0.054238 
168 1.214844 0.000000 0.131708 94.531077 0.001624 -5.212619 0.103670 
169 1.095703 0.000000 0.249130 95.034478 0.001523 -4.582640 0.094745 
170 1.036133 0.000000 -0.044425 95.772016 0.001470 -4.178513 0.081026 
171 0.976562 0.000000 -0.044425 96.871649 0.001403 -3.947364 0.060030 
172 1.036133 0.000000 -0.103135 95.801364 0.001463 -4.110358 0.080520 
173 1.095703 0.000000 -0.044425 95.614063 0.001476 -4.193278 0.084037 
174 1.036133 0.000000 0.014286 95.801436 0.001477 -4.250581 0.080402 
175 0.857422 0.000000 0.131708 98.727163 0.001322 -3.832220 0.023826 
176 0.738281 0.000000 0.131708 100.425853 0.001192 -3.271138 -0.009605 
177 0.857422 0.000000 0.249130 99.044000 0.001392 -4.147210 0.017309 
178 0.916992 0.000000 -0.044425 96.869763 0.001156 -1.747865 0.061319 
179 0.857422 0.000000 -0.044425 97.564753 0.000920 -0.222831 0.048107 
180 0.916992 0.000000 -0.103135 97.234872 0.001379 -3.814962 0.053083 
181 0.916992 0.000000 0.014286 98.157727 0.001326 -5.924935 0.032996 
182 1.036133 0.000000 0.072997 95.889622 0.001482 -4.316882 0.078654 
183 0.976562 0.000000 0.072997 97.015896 0.001417 -4.106068 0.057106 
184 1.095703 0.000000 0.072997 95.716480 0.001485 -4.308735 0.081979 
185 1.036133 0.000000 0.131708 96.019744 0.001485 -4.369423 0.076112 
186 1.006348 0.000000 -0.015069 95.947456 0.001401 -3.850377 0.077926 
187 0.976562 0.000000 -0.015069 93.527618 0.001967 -3.087702 0.124305 
188 1.006348 0.000000 -0.044425 95.938168 0.001397 -3.809371 0.078136 
189 1.036133 0.000000 -0.015069 95.778938 0.001474 -4.214647 0.080863 
190 1.006348 0.000000 0.014286 96.759083 0.001416 -4.040667 0.062135 
191 0.916992 0.000000 0.072997 97.403055 0.001408 -4.089317 0.049592 
192 0.857422 0.000000 0.072997 99.898932 0.001527 -5.707842 -0.001238 
193 0.916992 0.000000 0.131708 97.530738 0.001413 -4.153897 0.047050 
194 0.946777 0.000000 -0.015069 95.269603 0.001575 -0.682237 0.092324 
195 0.916992 0.000000 -0.015069 97.275374 0.001178 -2.764955 0.052986 
196 0.946777 0.000000 -0.044425 97.046197 0.001397 -3.928354 0.056660 
197 0.946777 0.000000 0.014286 95.820780 0.001591 -6.473560 0.077647 
198 1.006348 0.000000 0.043642 96.802373 0.001419 -4.076686 0.061268 
199 0.976562 0.000000 0.043642 96.957736 0.001415 -4.070844 0.058263 
200 1.036133 0.000000 0.043642 95.838916 0.001479 -4.285045 0.079654 
201 1.006348 0.000000 0.072997 96.850631 0.001488 -4.462847 0.060004 
202 0.991455 0.000000 -0.000391 78.709273 0.001948 -0.542313 0.380456 
203 0.976562 0.000000 -0.000391 87.390840 0.001907 -3.881971 0.234777 
204 0.991455 0.000000 -0.015069 85.672765 0.001807 -1.890410 0.265660 
205 1.006348 0.000000 -0.000391 85.160944 0.001545 -3.970813 0.273185 
206 0.991455 0.000000 0.014286 85.650450 0.001488 -6.384985 0.262323 
207 0.261719 0.000000 -0.220557 97.763200 -0.000184 7.346420 0.038839 
208 0.023438 0.000000 -0.220557 92.824655 -0.000617 11.305366 0.125577 
209 0.261719 0.000000 -0.455401 86.244947 -0.001033 -7.549818 0.250481 
210 0.261719 0.000000 0.014286 102.600843 -0.000145 6.220073 -0.056562 
211 0.619141 0.000000 -0.103135 100.648721 0.000737 -0.851141 -0.013089 
212 0.500000 0.000000 -0.103135 98.359399 0.000358 2.977880 0.031656 
213 0.619141 0.000000 -0.220557 101.310600 0.000959 -1.982700 -0.026777 
214 0.619141 0.000000 0.014286 103.514966 0.001016 -2.054040 -0.071957 
215 0.797852 0.000000 -0.044425 98.088208 0.000851 -0.328138 0.037860 
216 0.738281 0.000000 -0.044425 99.747808 0.000911 -0.854018 0.004965 
217 0.797852 0.000000 -0.103135 98.777237 0.001195 -3.238271 0.023257 
218 0.797852 0.000000 0.014286 100.605597 0.001337 -4.207750 -0.013919 
219 0.887207 0.000000 -0.015069 96.981551 0.000679 1.887340 0.059102 
220 0.857422 0.000000 -0.015069 98.874838 0.001124 -2.667604 0.021665 
221 0.887207 0.000000 -0.044425 96.844944 0.000942 -0.236281 0.062100 
222 0.887207 0.000000 0.014286 100.988709 0.001602 -9.088389 -0.028132 
223 0.261719 0.000000 0.249130 99.651299 -0.000087 8.159488 0.000304 
224 0.023438 0.000000 0.249130 95.757383 -0.000449 12.375419 0.067737 
225 0.261719 0.000000 0.483973 122.593607 0.000495 17.423702 -0.533278 
226 0.380859 0.000000 -0.103135 99.246864 -0.000018 4.868567 0.012636 
227 0.261719 0.000000 -0.103135 97.963336 -0.000295 6.174711 0.036506 
228 0.380859 0.000000 -0.220557 99.096375 0.000010 5.829014 0.014593 
229 0.380859 0.000000 0.014286 102.749379 0.000151 3.774892 -0.057168 
230 0.380859 0.000000 0.131708 104.144074 0.000305 3.883966 -0.086107 
231 0.261719 0.000000 0.131708 104.203216 0.000005 7.383584 -0.091283 
232 0.500000 0.000000 0.131708 101.864248 0.000698 1.000903 -0.037733 
233 0.380859 0.000000 0.249130 100.591621 0.000106 6.132685 -0.015628 
234 0.440430 0.000000 -0.044425 98.127724 -0.000182 4.204725 0.035327 
235 0.380859 0.000000 -0.044425 99.302219 -0.000052 4.755265 0.011646 
236 0.440430 0.000000 -0.103135 99.675807 0.000144 4.151795 0.004750 
237 0.500000 0.000000 -0.044425 98.472505 0.000321 3.103388 0.029353 
238 0.440430 0.000000 0.014286 101.803294 0.000342 2.727352 -0.037135 
239 -22.375000 0.000000 -7.500705 99.750445 -0.000000 6.984151 0.000107 
240 -30.000000 0.000000 -7.500705 99.753804 0.000000 6.980979 0.000044 
241 -22.375000 0.000000 -15.015697 99.748352 0.000000 6.979994 0.000155 
242 -22.375000 0.000000 0.014286 99.756524 0.000000 6.986585 -0.000018 
243 -10.937500 0.000000 -3.743210 99.730742 0.000000 7.008934 0.000465 
244 -14.750000 0.000000 -3.743210 99.745067 0.000000 6.996765 0.000197 
245 -10.937500 0.000000 -7.500705 99.723309 0.000000 6.992130 0.000637 
246 -10.937500 0.000000 0.014286 99.754522 0.000000 7.019612 -0.000024 
247 -5.218750 0.000000 -1.864462 99.639787 -0.000000 7.113176 0.002132 
248 -7.125000 0.000000 -1.864462 99.705405 0.000000 7.057914 0.000902 
249 -5.218750 0.000000 -3.743210 99.621435 0.000000 7.035445 0.002607 
250 -5.218750 0.000000 0.014286 99.733455 0.000000 7.157094 0.000201 
251 -2.359375 0.000000 -0.925088 99.312294 0.000000 7.422907 0.008197 
252 -3.312500 0.000000 -0.925088 99.534253 -0.000000 7.280003 0.003993 
253 -2.359375 0.000000 -1.864462 99.250560 -0.000000 7.173282 0.009787 
254 -2.359375 0.000000 0.014286 99.613309 0.000000 7.629918 0.001897 
255 -0.929688 0.000000 -0.455401 98.179955 -0.000000 8.383405 0.029041 
256 -1.406250 0.000000 -0.455401 98.905938 -0.000000 8.023612 0.015324 
257 -0.929688 0.000000 -0.925088 98.135600 -0.000000 7.556040 0.031231 
258 -0.929688 0.000000 0.014286 99.054271 -0.000000 9.265324 0.010241 
259 -0.214844 0.000000 -0.220557 87.036698 -0.000812 15.350453 0.218898 
260 -0.453125 0.000000 -0.220557 44.357034 -0.001247 28.459470 0.722251 
261 -0.214844 0.000000 -0.455401 56.428072 -0.001534 -7.529654 0.675918 
262 -0.214844 0.000000 0.014286 89.826343 -0.000719 14.827684 0.171137 
263 0.142578 0.000000 -0.103135 96.099731 -0.000444 7.403899 0.071002 
264 0.023438 0.000000 -0.103135 93.700554 -0.000529 11.090900 0.109720 
265 0.142578 0.000000 -0.220557 95.201171 -0.000475 9.688180 0.084288 
266 0.142578 0.000000 0.014286 100.832349 -0.000344 9.318138 -0.025399 
267 -22.375000 0.000000 7.529278 99.762807 -0.000000 6.984380 -0.000140 
268 -30.000000 0.000000 7.529278 99.759360 -0.000000 6.981040 -0.000066 
269 -22.375000 0.000000 15.044270 99.765148 0.000000 6.980138 -0.000181 
270 -10.937500 0.000000 3.771782 99.780288 -0.000000 7.011579 -0.000527 
271 -14.750000 0.000000 3.771782 99.767404 0.000000 6.997634 -0.000250 
272 -10.937500 0.000000 7.529278 99.790559 0.000000 6.994572 -0.000708 
273 -5.218750 0.000000 1.893034 99.841887 0.000000 7.136964 -0.001934 
274 -7.125000 0.000000 1.893034 99.793920 -0.000000 7.065877 -0.000875 
275 -5.218750 0.000000 3.771782 99.884481 0.000000 7.058034 -0.002673 
276 -2.359375 0.000000 0.953660 100.001322 0.000000 7.566418 -0.005752 
277 -3.312500 0.000000 0.953660 99.864909 0.000000 7.337339 -0.002684 
278 -2.359375 0.000000 1.893034 100.195162 0.000000 7.327487 -0.009276 
279 -0.929688 0.000000 0.483973 100.417760 0.000000 9.163000 -0.016769 
280 -1.406250 0.000000 0.483973 100.019409 0.000000 8.347073 -0.007356 
281 -0.929688 0.000000 0.953660 101.110797 0.000000 8.355183 -0.029320 
282 -0.214844 0.000000 0.249130 88.440689 -0.000767 16.933611 0.189150 
283 -0.453125 0.000000 0.249130 48.118410 -0.000956 54.375679 0.472790 
284 -0.214844 0.000000 0.483973 94.187393 -0.000364 66.821576 -0.333639 
285 -0.095703 0.000000 -0.103135 91.551238 -0.000645 12.745133 0.145593 
286 -0.214844 0.000000 -0.103135 87.529018 -0.000805 14.915881 0.211619 
287 -0.095703 0.000000 -0.220557 90.391952 -0.000723 12.903355 0.166280 
288 -0.095703 0.000000 0.014286 91.850920 -0.000631 13.420112 0.138331 
289 0.142578 0.000000 0.131708 101.158346 -0.000254 11.176275 -0.035792 
290 0.023438 0.000000 0.131708 95.044074 -0.000478 12.192981 0.081796 
291 0.142578 0.000000 0.249130 97.932014 -0.000281 10.325366 0.030271 
292 0.083008 0.000000 -0.044425 92.720911 -0.000856 -0.966796 0.140190 
293 0.023438 0.000000 -0.044425 85.006092 -0.001044 -4.893451 0.275002 
294 0.083008 0.000000 -0.103135 94.511145 -0.000508 10.648952 0.095424 
295 0.142578 0.000000 -0.044425 95.836775 -0.000622 2.752809 0.080773 
296 0.083008 0.000000 0.014286 101.719245 -0.000378 15.160643 -0.057665 
297 -0.095703 0.000000 0.131708 92.694273 -0.000605 13.779450 0.121790 
298 -0.214844 0.000000 0.131708 90.065419 -0.000698 16.006736 0.163200 
299 -0.095703 0.000000 0.249130 93.406762 -0.000580 14.219522 0.107298 
300 -0.036133 0.000000 -0.044425 92.052142 -0.000633 12.852665 0.136121 
301 -0.095703 0.000000 -0.044425 91.614883 -0.000640 13.095365 0.143522 
302 -0.036133 0.000000 -0.103135 91.944658 -0.000639 12.476303 0.139052 
303 -0.036133 0.000000 0.014286 92.335427 -0.000622 13.216082 0.129950 
304 0.083008 0.000000 0.072997 105.255476 -0.000313 17.226931 -0.137548 
305 0.023438 0.000000 0.072997 94.582617 -0.000496 12.069085 0.090847 
306 0.142578 0.000000 0.072997 110.288819 -0.000130 14.791245 -0.238240 
307 0.083008 0.000000 0.131708 95.911326 -0.000453 11.737017 0.066326 
308 0.053223 0.000000 -0.015069 91.310488 -0.000906 -1.665642 0.165962 
309 0.023438 0.000000 -0.015069 76.996104 -0.001379 -15.085187 0.384404 
310 0.053223 0.000000 -0.044425 90.770790 -0.000962 -3.456078 0.174872 
311 0.083008 0.000000 -0.015069 92.837228 -0.000807 0.806667 0.138060 
312 0.053223 0.000000 0.014286 103.195216 -0.000369 21.657043 -0.111828 
313 -0.036133 0.000000 0.072997 92.757281 -0.000608 13.492222 0.121405 
314 -0.095703 0.000000 0.072997 92.233237 -0.000619 13.659524 0.130645 
315 -0.036133 0.000000 0.131708 93.236951 -0.000594 13.636548 0.112092 
316 -0.006348 0.000000 -0.015069 56.641958 -0.001066 0.137131 0.679167 
317 -0.036133 0.000000 -0.015069 92.172699 -0.000628 13.040833 0.133413 
318 -0.006348 0.000000 -0.044425 93.474404 -0.000532 11.653435 0.112673 
319 -0.006348 0.000000 0.014286 67.101557 -0.000708 44.858363 0.348511 
320 0.053223 0.000000 0.043642 114.805190 -0.000186 33.599897 -0.430918 
321 0.023438 0.000000 0.043642 104.079212 -0.000339 35.190471 -0.207085 
322 0.083008 0.000000 0.043642 111.177912 -0.000227 23.351384 -0.290582 
323 0.053223 0.000000 0.072997 105.696664 -0.000318 21.451343 -0.163194 
324 0.321289 0.000000 0.072997 112.081398 0.000365 3.472911 -0.257430 
325 0.261719 0.000000 0.072997 107.005967 0.000048 7.283540 -0.150333 
326 0.321289 0.000000 0.014286 101.890193 -0.000002 5.322991 -0.040995 
327 0.380859 0.000000 0.072997 105.237638 0.000343 3.356443 -0.108623 
328 0.321289 0.000000 0.131708 103.077210 0.000118 5.755867 -0.065804 
329 0.619141 0.000000 0.131708 104.746420 0.001243 -3.229090 -0.098224 
330 0.619141 0.000000 0.249130 102.164336 0.001040 -2.464327 -0.044362 
331 0.797852 0.000000 0.072997 101.541454 0.001690 -6.795734 -0.035685 
332 0.738281 0.000000 0.072997 103.256003 0.001663 -6.259391 -0.070098 
333 0.797852 0.000000 0.131708 99.220337 0.001305 -3.772704 0.014109 
334 0.887207 0.000000 0.043642 100.082006 0.001521 -6.858895 -0.006345 
335 0.857422 0.000000 0.043642 100.550985 0.001555 -6.889996 -0.015797 
336 0.916992 0.000000 0.043642 99.058839 0.001581 -8.924178 0.010771 
337 0.887207 0.000000 0.072997 99.220564 0.001458 -5.881510 0.012069 
338 0.946777 0.000000 0.043642 97.878224 0.001458 -7.287743 0.036674 
339 0.946777 0.000000 0.072997 97.197943 0.001413 -4.099630 0.053575 
340 0.961670 0.000000 -0.000391 92.944581 0.002029 -3.149722 0.135138 
341 0.946777 0.000000 -0.000391 95.091342 0.001566 -3.887586 0.094252 
342 0.961670 0.000000 -0.015069 94.086908 0.001821 -2.843255 0.113957 
343 0.961670 0.000000 0.014286 94.351081 0.001681 -6.688405 0.105314 
344 2.882812 0.000000 0.483973 99.928665 0.000000 2.845602 0.000616 
345 2.882812 0.000000 0.014286 99.696243 -0.000000 2.649010 0.005364 
346 3.359375 0.000000 0.483973 99.925593 0.000000 3.043646 0.000561 
347 2.882812 0.000000 0.953660 100.128568 0.000000 3.344507 -0.003692 
348 5.265625 0.000000 0.953660 99.979391 -0.000000 3.678465 -0.000941 
349 5.265625 0.000000 0.014286 99.931831 -0.000000 3.209568 0.000333 
350 6.218750 0.000000 0.953660 99.978939 -0.000000 3.670866 -0.000926 
351 5.265625 0.000000 1.893034 99.990739 0.000000 4.527742 -0.001865 
352 3.835938 0.000000 0.483973 99.934076 -0.000000 3.154050 0.000323 
353 3.835938 0.000000 0.014286 99.842484 -0.000000 2.984065 0.002257 
354 4.312500 0.000000 0.483973 99.946227 -0.000000 3.221715 0.000037 
355 3.835938 0.000000 0.953660 100.010589 0.000000 3.573607 -0.001489 
356 5.265625 0.000000 -0.925088 99.807045 -0.000000 4.046072 0.002218 
357 5.265625 0.000000 -1.864462 99.710163 -0.000000 4.893683 0.003394 
358 6.218750 0.000000 -0.925088 99.851651 -0.000000 4.144611 0.001247 
359 2.882812 0.000000 -0.455401 99.486995 -0.000000 3.033395 0.009314 
360 2.882812 0.000000 -0.925088 99.355041 -0.000000 3.643445 0.011530 
361 3.359375 0.000000 -0.455401 99.637727 -0.000000 3.208875 0.006203 
362 0.321289 0.000000 -0.044425 98.320043 -0.000330 4.490801 0.031300 
363 0.261719 0.000000 -0.044425 97.968133 -0.000378 5.174519 0.037547 
364 0.321289 0.000000 -0.103135 98.851919 -0.000115 5.813220 0.019450 
365 0.440430 0.000000 0.072997 112.199539 0.000967 -2.585820 -0.259542 
366 0.500000 0.000000 0.072997 102.871708 0.000770 0.312263 -0.058269 
367 0.440430 0.000000 0.131708 102.964758 0.000399 2.932238 -0.061034 
368 0.202148 0.000000 -0.044425 97.310932 -0.000420 4.944108 0.050614 
369 0.202148 0.000000 -0.103135 96.974286 -0.000385 7.634581 0.053770 
370 0.202148 0.000000 0.014286 103.275540 -0.000174 8.540859 -0.073878 
371 0.202148 0.000000 0.072997 107.127029 -0.000042 9.751051 -0.157128 
372 0.202148 0.000000 0.131708 101.969600 -0.000105 8.712252 -0.047370 
373 -0.006348 0.000000 0.043642 93.960168 -0.000514 12.143735 0.102402 
374 -0.036133 0.000000 0.043642 92.533553 -0.000616 13.368987 0.125881 
375 -0.006348 0.000000 0.072997 94.183652 -0.000506 12.253473 0.097929 
376 3.835938 0.000000 -0.455401 99.732882 -0.000000 3.331816 0.004225 
377 3.835938 0.000000 -0.925088 99.637183 -0.000000 3.831998 0.005775 
378 4.312500 0.000000 -0.455401 99.796187 -0.000000 3.431559 0.002895 
1 7 12 10 11 
2 12 2 13 10 
3 1 17 15 16 
4 17 7 11 15 
5 19 21 3 22 
6 20 19 22 9 
7 11 25 23 24 
8 25 10 26 23 
9 28 20 9 30 
10 29 28 30 4 
11 15 33 31 32 
12 33 11 24 31 
13 35 37 19 38 
14 36 35 38 20 
15 24 41 39 40 
16 41 23 42 39 
17 44 36 20 46 
18 45 44 46 28 
19 31 49 47 48 
20 49 24 40 47 
21 51 53 35 54 
22 52 51 54 36 
23 40 57 55 56 
24 57 39 58 55 
25 60 52 36 62 
26 61 60 62 44 
27 47 65 63 64 
28 65 40 56 63 
29 67 69 51 70 
30 68 67 70 52 
31 56 73 71 72 
32 73 55 74 71 
33 76 68 52 78 
34 77 76 78 60 
35 63 81 79 80 
36 81 56 72 79 
37 83 85 67 86 
38 84 83 86 68 
39 72 89 87 88 
40 89 71 90 87 
41 10 93 92 26 
42 93 13 94 92 
43 92 94 8 95 
44 26 92 95 14 
45 23 97 96 42 
46 97 26 98 96 
47 96 98 14 99 
48 42 96 99 27 
49 39 101 100 58 
50 101 42 102 100 
51 100 102 27 103 
52 55 105 104 74 
53 105 58 106 104 
54 71 109 108 90 
55 109 74 110 108 
56 108 110 59 111 
57 90 108 111 75 
58 112 84 68 114 
59 113 112 114 76 
60 115 117 83 118 
61 116 115 118 84 
62 87 121 119 120 
63 121 90 122 119 
64 119 122 75 123 
65 79 126 124 125 
66 126 72 88 124 
67 88 130 128 129 
68 130 87 120 128 
69 14 95 132 37 
70 95 8 133 132 
71 132 133 21 134 
72 37 132 134 19 
73 27 99 135 53 
74 99 14 136 135 
75 135 136 37 137 
76 53 135 137 35 
77 103 27 139 138 
78 138 139 53 140 
79 69 138 140 51 
80 141 142 69 143 
81 85 141 143 67 
82 75 111 144 117 
83 111 59 145 144 
84 144 145 85 146 
85 117 144 146 83 
86 123 75 149 147 
87 147 149 117 150 
88 148 147 150 115 
89 120 153 151 152 
90 153 119 154 151 
91 151 154 123 155 
92 156 116 84 158 
93 157 156 158 112 
94 159 148 115 161 
95 160 159 161 116 
96 128 164 162 163 
97 164 120 152 162 
98 155 123 168 166 
99 166 168 147 169 
100 167 166 169 148 
101 152 172 170 171 
102 172 151 173 170 
103 170 173 155 174 
104 175 167 148 177 
105 176 175 177 159 
106 162 180 178 179 
107 180 152 171 178 
108 174 155 184 182 
109 182 184 166 185 
110 183 182 185 167 
111 171 188 186 187 
112 188 170 189 186 
113 186 189 174 190 
114 191 183 167 193 
115 192 191 193 175 
116 178 196 194 195 
117 196 171 187 194 
118 195 194 197 181 
119 91 190 198 199 
120 190 174 200 198 
121 198 200 182 201 
122 199 198 201 183 
123 187 204 202 203 
124 204 186 205 202 
125 202 205 190 206 
126 203 202 206 91 
127 124 209 207 208 
128 209 88 129 207 
129 129 213 211 212 
130 213 128 163 211 
131 211 163 131 214 
132 212 211 214 5 
133 163 217 215 216 
134 217 162 179 215 
135 215 179 165 218 
136 216 215 218 131 
137 179 221 219 220 
138 221 178 195 219 
139 219 195 181 222 
140 220 219 222 165 
141 223 160 116 225 
142 224 223 225 156 
143 207 228 226 227 
144 228 129 212 226 
145 230 232 160 233 
146 231 230 233 223 
147 226 236 234 235 
148 236 212 237 234 
149 234 237 5 238 
150 235 234 238 229 
151 16 241 239 240 
152 241 15 32 239 
153 239 32 18 242 
154 240 239 242 6 
155 32 245 243 244 
156 245 31 48 243 
157 243 48 34 246 
158 244 243 246 18 
159 48 249 247 248 
160 249 47 64 247 
161 247 64 50 250 
162 248 247 250 34 
163 64 253 251 252 
164 253 63 80 251 
165 251 80 66 254 
166 252 251 254 50 
167 80 257 255 256 
168 257 79 125 255 
169 255 125 82 258 
170 256 255 258 66 
171 125 261 259 260 
172 261 124 208 259 
173 260 259 262 82 
174 208 265 263 264 
175 265 207 227 263 
176 6 242 267 268 
177 242 18 45 267 
178 267 45 28 269 
179 268 267 269 29 
180 18 246 270 271 
181 246 34 61 270 
182 270 61 44 272 
183 271 270 272 45 
184 34 250 273 274 
185 250 50 77 273 
186 273 77 60 275 
187 274 273 275 61 
188 50 254 276 277 
189 254 66 113 276 
190 276 113 76 278 
191 277 276 278 77 
192 66 258 279 280 
193 258 82 157 279 
194 279 157 112 281 
195 280 279 281 113 
196 82 262 282 283 
197 282 224 156 284 
198 283 282 284 157 
199 259 287 285 286 
200 287 208 264 285 
201 286 285 288 262 
202 289 231 223 291 
203 290 289 291 224 
204 264 294 292 293 
205 294 263 295 292 
206 292 295 266 296 
207 262 288 297 298 
208 297 290 224 299 
209 298 297 299 282 
210 285 302 300 301 
211 302 264 293 300 
212 301 300 303 288 
213 296 266 306 304 
214 304 306 289 307 
215 305 304 307 290 
216 293 310 308 309 
217 310 292 311 308 
218 308 311 296 312 
219 309 308 312 127 
220 288 303 313 314 
221 313 305 290 315 
222 314 313 315 297 
223 300 318 316 317 
224 318 293 309 316 
225 316 309 127 319 
226 317 316 319 303 
227 127 312 320 321 
228 312 296 322 320 
229 320 322 304 323 
230 321 320 323 305 
231 210 326 324 325 
232 326 229 327 324 
233 324 327 230 328 
234 325 324 328 231 
235 5 214 329 232 
236 214 131 176 329 
237 329 176 159 330 
238 232 329 330 160 
239 131 218 331 332 
240 218 165 192 331 
241 331 192 175 333 
242 332 331 333 176 
243 165 222 334 335 
244 222 181 336 334 
245 334 336 191 337 
246 335 334 337 192 
247 181 197 338 336 
248 197 91 199 338 
249 338 199 183 339 
250 336 338 339 191 
251 194 342 340 341 
252 342 187 203 340 
253 340 203 91 343 
254 341 340 343 197 
255 59 345 344 145 
256 345 107 346 344 
257 344 346 141 347 
258 145 344 347 85 
259 43 349 348 142 
260 349 103 350 348 
261 348 350 138 351 
262 142 348 351 69 
263 107 353 352 346 
264 353 43 354 352 
265 352 354 142 355 
266 346 352 355 141 
267 58 357 356 106 
268 357 100 358 356 
269 356 358 103 349 
270 106 356 349 43 
271 74 360 359 110 
272 360 104 361 359 
273 359 361 107 345 
274 110 359 345 59 
275 227 364 362 363 
276 364 226 235 362 
277 362 235 229 326 
278 363 362 326 210 
279 229 238 365 327 
280 238 5 366 365 
281 365 366 232 367 
282 327 365 367 230 
283 263 369 368 295 
284 369 227 363 368 
285 368 363 210 370 
286 295 368 370 266 
287 266 370 371 306 
288 370 210 325 371 
289 371 325 231 372 
290 306 371 372 289 
291 303 319 373 374 
292 319 127 321 373 
293 373 321 305 375 
294 374 373 375 313 
295 104 377 376 361 
296 377 106 378 376 
297 376 378 43 353 
298 361 376 353 107 
