2 0.000000 100.000000 747.808936
378 298 
1 -30.000000 0.000000 -30.045681 99.982655 0.000000 1.745579 0.000042 
2 31.000000 0.000000 -30.045681 99.982812 0.000000 1.733174 0.000043 
3 31.000000 0.000000 30.074253 99.987050 0.000000 1.732148 -0.000041 
4 -30.000000 0.000000 30.074253 99.986903 0.000000 1.745680 -0.000043 
5 0.500000 0.000000 0.014286 101.434815 0.000548 -0.079456 -0.028903 
6 -30.000000 0.000000 0.014286 99.984589 0.000000 1.748218 0.000003 
7 0.500000 0.000000 -30.045681 99.978875 0.000000 1.739239 0.000120 
8 31.000000 0.000000 0.014286 100.012478 0.000000 0.139110 -0.000252 
9 0.500000 0.000000 30.074253 99.991126 0.000000 1.739019 -0.000125 
10 15.750000 0.000000 -15.015697 99.976920 0.000000 1.698376 0.000173 
11 0.500000 0.000000 -15.015697 99.961982 0.000000 1.721758 0.000464 
12 15.750000 0.000000 -30.045681 99.980622 0.000000 1.734548 0.000087 
13 31.000000 0.000000 -15.015697 99.983286 0.000000 1.699285 0.000046 
14 15.750000 0.000000 0.014286 100.012463 0.000000 0.039497 -0.000249 
15 -14.750000 0.000000 -15.015697 99.976255 0.000000 1.746349 0.000170 
16 -30.000000 0.000000 -15.015697 99.982576 0.000000 1.746924 0.000043 
17 -14.750000 0.000000 -30.045681 99.980510 0.000000 1.744025 0.000086 
18 -14.750000 0.000000 0.014286 99.983131 0.000000 1.757130 0.000029 
19 15.750000 0.000000 15.044270 99.993719 0.000000 1.693907 -0.000161 
20 0.500000 0.000000 15.044270 100.010337 0.000000 1.720894 -0.000503 
21 31.000000 0.000000 15.044270 99.987602 0.000000 1.692393 -0.000038 
22 15.750000 0.000000 30.074253 99.989296 0.000000 1.733826 -0.000087 
23 8.125000 0.000000 -7.500705 99.953562 0.000000 1.575562 0.000680 
24 0.500000 0.000000 -7.500705 99.901361 0.000000 1.658365 0.001697 
25 8.125000 0.000000 -15.015697 99.968518 0.000000 1.703896 0.000339 
26 15.750000 0.000000 -7.500705 99.978271 0.000000 1.577210 0.000186 
27 8.125000 0.000000 0.014286 100.002828 0.000000 -0.015891 -0.000057 
28 -14.750000 0.000000 15.044270 99.993191 -0.000000 1.747256 -0.000169 
29 -30.000000 0.000000 15.044270 99.986814 -0.000000 1.747104 -0.000042 
30 -14.750000 0.000000 30.074253 99.989217 0.000000 1.744161 -0.000089 
31 -7.125000 0.000000 -7.500705 99.950719 0.000000 1.747910 0.000680 
32 -14.750000 0.000000 -7.500705 99.975568 0.000000 1.751572 0.000182 
33 -7.125000 0.000000 -15.015697 99.968006 0.000000 1.740057 0.000337 
34 -7.125000 0.000000 0.014286 99.971854 0.000000 1.792162 0.000242 
35 8.125000 0.000000 7.529278 100.018837 0.000000 1.556569 -0.000619 
36 0.500000 0.000000 7.529278 100.085606 0.000000 1.655374 -0.001987 
37 15.750000 0.000000 7.529278 99.995233 0.000000 1.553302 -0.000146 
38 8.125000 0.000000 15.044270 100.002781 0.000000 1.700283 -0.000345 
39 4.312500 0.000000 -3.743210 99.867136 0.000000 1.242772 0.002501 
40 0.500000 0.000000 -3.743210 99.723830 0.000000 1.484728 0.005295 
41 4.312500 0.000000 -7.500705 99.923522 0.000000 1.596954 0.001274 
42 8.125000 0.000000 -3.743210 99.954957 0.000000 1.238056 0.000747 
43 4.312500 0.000000 0.014286 99.943281 -0.000000 -0.140489 0.001132 
44 -7.125000 0.000000 7.529278 100.017253 0.000000 1.755357 -0.000653 
45 -14.750000 0.000000 7.529278 99.992445 0.000000 1.753090 -0.000156 
46 -7.125000 0.000000 15.044270 100.002559 0.000000 1.741416 -0.000354 
47 -3.312500 0.000000 -3.743210 99.855153 0.000000 1.745010 0.002590 
48 -7.125000 0.000000 -3.743210 99.945551 0.000000 1.767449 0.000776 
49 -3.312500 0.000000 -7.500705 99.921167 0.000000 1.723159 0.001279 
50 -3.312500 0.000000 0.014286 99.902993 0.000000 1.921484 0.001570 
51 4.312500 0.000000 3.771782 100.103589 0.000000 1.171860 -0.002210 
52 0.500000 0.000000 3.771782 100.351062 0.000000 1.474381 -0.007251 
53 8.125000 0.000000 3.771782 100.019190 0.000000 1.180187 -0.000523 
54 4.312500 0.000000 7.529278 100.054668 0.000000 1.578017 -0.001343 
55 2.406250 0.000000 -1.864462 99.602029 0.000000 0.733513 0.007890 
56 0.500000 0.000000 -1.864462 99.365393 0.000000 1.208609 0.012506 
57 2.406250 0.000000 -3.743210 99.778031 0.000000 1.315987 0.004261 
58 4.312500 0.000000 -1.864462 99.853273 0.000000 0.674618 0.002887 
59 2.406250 0.000000 0.014286 99.685086 0.000000 -0.519897 0.006261 
60 -3.312500 0.000000 3.771782 100.103128 0.000000 1.799107 -0.002387 
61 -7.125000 0.000000 3.771782 100.011345 0.000000 1.779394 -0.000544 
62 -3.312500 0.000000 7.529278 100.054665 0.000000 1.734454 -0.001394 
63 -1.406250 0.000000 -1.864462 99.567560 0.000000 1.711644 0.008337 
64 -3.312500 0.000000 -1.864462 99.824341 0.000000 1.812301 0.003182 
65 -1.406250 0.000000 -3.743210 99.769200 0.000000 1.659192 0.004335 
66 -1.406250 0.000000 0.014286 99.591710 0.000000 2.361796 0.007591 
67 2.406250 0.000000 1.893034 100.330285 -0.000000 0.461321 -0.006638 
68 0.500000 0.000000 1.893034 101.120282 -0.000000 1.142508 -0.022662 
69 4.312500 0.000000 1.893034 100.074897 -0.000000 0.575821 -0.001532 
70 2.406250 0.000000 3.771782 100.233565 0.000000 1.229196 -0.004828 
71 1.453125 0.000000 -0.925088 99.019862 0.000000 0.396189 0.019491 
72 0.500000 0.000000 -0.925088 99.088273 0.000000 1.060279 0.018039 
73 1.453125 0.000000 -1.864462 99.417908 0.000000 0.914624 0.011524 
74 2.406250 0.000000 -0.925088 99.510235 0.000000 0.137407 0.009769 
75 1.453125 0.000000 0.014286 86.466229 0.001430 -4.432397 0.250395 
76 -1.406250 0.000000 1.893034 100.373879 0.000000 2.015091 -0.007898 
77 -3.312500 0.000000 1.893034 100.063727 0.000000 1.894354 -0.001634 
78 -1.406250 0.000000 3.771782 100.243212 0.000000 1.735188 -0.005171 
79 -0.453125 0.000000 -0.925088 98.972868 0.000000 1.484017 0.020217 
80 -1.406250 0.000000 -0.925088 99.416757 0.000000 1.919605 0.011262 
81 -0.453125 0.000000 -1.864462 99.408327 0.000000 1.495997 0.011575 
82 -0.453125 0.000000 0.014286 65.482752 -0.000510 7.287384 0.565890 
83 1.453125 0.000000 0.953660 100.830915 -0.000000 -0.696525 -0.016736 
84 0.500000 0.000000 0.953660 102.865467 -0.000000 0.607622 -0.058167 
85 2.406250 0.000000 0.953660 100.145389 -0.000000 -0.200893 -0.002914 
86 1.453125 0.000000 1.893034 100.733928 -0.000000 0.536155 -0.014761 
87 0.976562 0.000000 -0.455401 93.501829 0.000845 -2.266412 0.125227 
88 0.500000 0.000000 -0.455401 101.758678 0.000235 3.734080 -0.036877 
89 0.976562 0.000000 -0.925088 98.919266 0.000000 0.803857 0.021433 
90 1.453125 0.000000 -0.455401 98.626509 0.000000 -0.196162 0.027277 
91 0.976562 0.000000 0.014286 90.476093 0.001312 -7.632905 0.175582 
92 23.375000 0.000000 -7.500705 99.984105 0.000000 1.584329 0.000067 
93 23.375000 0.000000 -15.015697 99.981302 0.000000 1.698284 0.000086 
94 31.000000 0.000000 -7.500705 99.985865 0.000000 1.590346 0.000030 
95 23.375000 0.000000 0.014286 100.013032 0.000000 0.085936 -0.000261 
96 11.937500 0.000000 -3.743210 99.978434 0.000000 1.256597 0.000273 
97 11.937500 0.000000 -7.500705 99.970361 0.000000 1.574076 0.000345 
98 15.750000 0.000000 -3.743210 99.986018 0.000000 1.272434 0.000118 
99 11.937500 0.000000 0.014286 100.010457 0.000000 0.017005 -0.000209 
100 6.218750 0.000000 -1.864462 99.938677 0.000000 0.703412 0.001177 
101 6.218750 0.000000 -3.743210 99.925126 0.000000 1.231723 0.001345 
102 8.125000 0.000000 -1.864462 99.971647 0.000000 0.737909 0.000513 
103 6.218750 0.000000 0.014286 99.989358 0.000000 -0.057866 0.000212 
104 3.359375 0.000000 -0.925088 99.766674 0.000000 0.172558 0.004658 
105 3.359375 0.000000 -1.864462 99.756312 0.000000 0.675080 0.004822 
106 4.312500 0.000000 -0.925088 99.880669 0.000000 0.224458 0.002380 
107 3.359375 0.000000 0.014286 99.871742 -0.000000 -0.249878 0.002557 
108 1.929688 0.000000 -0.455401 99.230377 0.000000 -0.314413 0.015323 
109 1.929688 0.000000 -0.925088 99.287031 0.000000 0.187063 0.014205 
110 2.406250 0.000000 -0.455401 99.538958 0.000000 -0.240580 0.009194 
111 1.929688 0.000000 0.014286 99.447062 0.000000 -0.820383 0.010961 
112 -0.453125 0.000000 0.953660 101.177094 0.000000 2.840896 -0.024488 
113 -1.406250 0.000000 0.953660 100.184982 0.000000 2.363530 -0.004262 
114 -0.453125 0.000000 1.893034 100.827536 0.000000 1.854814 -0.016963 
115 0.976562 0.000000 0.483973 95.258155 0.001130 -6.455062 0.088422 
116 0.500000 0.000000 0.483973 114.306194 0.000923 -3.491643 -0.307810 
117 1.453125 0.000000 0.483973 100.211416 -0.000000 -1.635667 -0.004500 
118 0.976562 0.000000 0.953660 101.857392 -0.000000 -0.616747 -0.037531 
119 1.214844 0.000000 -0.220557 93.598497 0.001000 -4.298649 0.122084 
120 0.976562 0.000000 -0.220557 96.633705 0.000906 -3.405513 0.065033 
121 1.214844 0.000000 -0.455401 81.551052 0.001596 -4.179414 0.333196 
122 1.453125 0.000000 -0.220557 76.782757 0.001485 -3.952564 0.408879 
123 1.214844 0.000000 0.014286 94.739023 0.000992 -4.280601 0.100619 
124 0.023438 0.000000 -0.455401 85.769036 -0.000136 3.198520 0.263344 
125 -0.453125 0.000000 -0.455401 98.305954 0.000000 1.719408 0.033298 
126 0.023438 0.000000 -0.925088 99.042013 0.000000 1.125170 0.018941 
127 0.023438 0.000000 0.014286 93.398461 -0.000065 31.760271 0.026801 
128 0.738281 0.000000 -0.220557 99.570648 0.000819 -2.822020 0.007772 
129 0.500000 0.000000 -0.220557 104.948404 0.000513 -1.183914 -0.101557 
130 0.738281 0.000000 -0.455401 98.021654 0.000776 -2.462482 0.038569 
131 0.738281 0.000000 0.014286 102.087193 0.000859 -3.545399 -0.043436 
132 23.375000 0.000000 7.529278 99.990564 0.000000 1.550734 -0.000052 
133 31.000000 0.000000 7.529278 99.989292 0.000000 1.546123 -0.000025 
134 23.375000 0.000000 15.044270 99.989426 0.000000 1.692772 -0.000075 
135 11.937500 0.000000 3.771782 100.002646 0.000000 1.182760 -0.000193 
136 15.750000 0.000000 3.771782 99.998134 0.000000 1.176936 -0.000101 
137 11.937500 0.000000 7.529278 100.002190 0.000000 1.553753 -0.000285 
138 6.218750 0.000000 1.893034 100.027860 -0.000000 0.624152 -0.000596 
139 8.125000 0.000000 1.893034 100.012917 -0.000000 0.646344 -0.000300 
140 6.218750 0.000000 3.771782 100.044038 0.000000 1.174201 -0.001019 
141 3.359375 0.000000 0.953660 100.038877 -0.000000 0.052387 -0.000778 
142 4.312500 0.000000 0.953660 100.017326 -0.000000 0.161467 -0.000349 
143 3.359375 0.000000 1.893034 100.148400 -0.000000 0.521531 -0.002997 
144 1.929688 0.000000 0.483973 99.950777 -0.000000 -0.833999 0.000915 
145 2.406250 0.000000 0.483973 99.925549 -0.000000 -0.466676 0.001467 
146 1.929688 0.000000 0.953660 100.342351 -0.000000 -0.428970 -0.006877 
147 1.214844 0.000000 0.249130 93.728945 0.001003 -4.534626 0.119432 
148 0.976562 0.000000 0.249130 97.480181 0.000964 -4.440935 0.047789 
149 1.453125 0.000000 0.249130 76.782757 0.001485 -3.952564 0.408879 
150 1.214844 0.000000 0.483973 100.758578 -0.000000 -2.324357 -0.015769 
151 1.095703 0.000000 -0.103135 95.881343 0.000965 -3.984257 0.079089 
152 0.976562 0.000000 -0.103135 97.126584 0.000923 -3.704546 0.055270 
153 1.095703 0.000000 -0.220557 95.018147 0.000972 -4.091265 0.095481 
154 1.214844 0.000000 -0.103135 93.864417 0.000944 -3.615997 0.117640 
155 1.095703 0.000000 0.014286 95.846889 0.000971 -4.102972 0.079654 
156 0.023438 0.000000 0.483973 88.863108 -0.000213 12.913375 0.193659 
157 -0.453125 0.000000 0.483973 100.505529 0.000000 4.098563 -0.011816 
158 0.023438 0.000000 0.953660 102.419049 -0.000000 2.327271 -0.049508 
159 0.738281 0.000000 0.249130 100.533815 0.000851 -3.306237 -0.011798 
160 0.500000 0.000000 0.249130 105.665164 0.000553 1.221746 -0.116662 
161 0.738281 0.000000 0.483973 104.914940 0.000867 -6.919598 -0.105503 
162 0.857422 0.000000 -0.103135 98.619661 0.000868 -3.306065 0.026323 
163 0.738281 0.000000 -0.103135 100.107420 0.000726 -1.709226 -0.002442 
164 0.857422 0.000000 -0.220557 98.069726 0.000868 -3.174233 0.037225 
165 0.857422 0.000000 0.014286 99.904659 0.000739 -4.631292 -0.000239 
166 1.095703 0.000000 0.131708 96.034772 0.000971 -4.201070 0.075967 
167 0.976562 0.000000 0.131708 97.332770 0.000935 -3.997709 0.051035 
168 1.214844 0.000000 0.131708 94.574917 0.001052 -5.077769 0.102980 
169 1.095703 0.000000 0.249130 95.225406 0.000982 -4.439945 0.091241 
170 1.036133 0.000000 -0.044425 95.995111 0.000962 -4.026655 0.076872 
171 0.976562 0.000000 -0.044425 97.091030 0.000928 -3.786535 0.055899 
172 1.036133 0.000000 -0.103135 96.035163 0.000957 -3.958019 0.076158 
173 1.095703 0.000000 -0.044425 95.835310 0.000969 -4.042898 0.079925 
174 1.036133 0.000000 0.014286 96.012559 0.000965 -4.098583 0.076479 
175 0.857422 0.000000 0.131708 98.868648 0.000886 -3.663169 0.021157 
176 0.738281 0.000000 0.131708 100.525418 0.000831 -3.111710 -0.011504 
177 0.857422 0.000000 0.249130 98.970290 0.000909 -3.977265 0.018906 
178 0.916992 0.000000 -0.044425 97.351562 0.000764 -1.588787 0.052015 
179 0.857422 0.000000 -0.044425 98.266564 0.000625 -0.060541 0.034368 
180 0.916992 0.000000 -0.103135 97.473767 0.000910 -3.650208 0.048554 
181 0.916992 0.000000 0.014286 98.262881 0.000670 -5.773796 0.031107 
182 1.036133 0.000000 0.072997 96.088684 0.000966 -4.164107 0.074963 
183 0.976562 0.000000 0.072997 97.202503 0.000934 -3.944211 0.053612 
184 1.095703 0.000000 0.072997 95.917932 0.000972 -4.157554 0.078246 
185 1.036133 0.000000 0.131708 96.207837 0.000966 -4.215391 0.072628 
186 1.006348 0.000000 -0.015069 96.312530 0.000930 -3.694830 0.071024 
187 0.976562 0.000000 -0.015069 93.820204 0.001462 -2.971731 0.118894 
188 1.006348 0.000000 -0.044425 96.310838 0.000928 -3.653809 0.071087 
189 1.036133 0.000000 -0.015069 95.996137 0.000964 -4.062802 0.076824 
190 1.006348 0.000000 0.014286 96.962582 0.000937 -3.881137 0.058319 
191 0.916992 0.000000 0.072997 97.585035 0.000923 -3.923641 0.046177 
192 0.857422 0.000000 0.072997 99.792604 0.000948 -5.527040 0.001089 
193 0.916992 0.000000 0.131708 97.694919 0.000925 -3.987123 0.043981 
194 0.946777 0.000000 -0.015069 95.741860 0.001030 -0.553691 0.083319 
195 0.916992 0.000000 -0.015069 97.661351 0.000660 -2.617805 0.045541 
196 0.946777 0.000000 -0.044425 97.266731 0.000922 -3.765783 0.052500 
197 0.946777 0.000000 0.014286 95.909531 0.000992 -6.348887 0.076105 
198 1.006348 0.000000 0.043642 96.998312 0.000938 -3.916818 0.057599 
199 0.976562 0.000000 0.043642 97.152511 0.000933 -3.909477 0.054611 
200 1.036133 0.000000 0.043642 96.043940 0.000966 -4.132731 0.075848 
201 1.006348 0.000000 0.072997 96.890356 0.000967 -4.304728 0.059373 
202 0.991455 0.000000 -0.000391 78.982536 0.001606 -0.504933 0.376150 
203 0.976562 0.000000 -0.000391 87.630318 0.001529 -3.805537 0.230645 
204 0.991455 0.000000 -0.015069 85.982064 0.001431 -1.811178 0.260380 
205 1.006348 0.000000 -0.000391 85.363878 0.001252 -3.891394 0.269787 
206 0.991455 0.000000 0.014286 85.753719 0.001245 -6.310492 0.260648 
207 0.261719 0.000000 -0.220557 98.506287 0.000205 3.032867 0.028731 
208 0.023438 0.000000 -0.220557 93.915634 -0.000015 4.804602 0.115677 
209 0.261719 0.000000 -0.455401 96.771974 0.000070 -10.845175 0.051757 
210 0.261719 0.000000 0.014286 102.753961 0.000260 3.297287 -0.056925 
211 0.619141 0.000000 -0.103135 101.661633 0.000629 -0.746084 -0.033564 
212 0.500000 0.000000 -0.103135 99.271438 0.000455 1.103696 0.014396 
213 0.619141 0.000000 -0.220557 101.618476 0.000743 -1.874609 -0.032983 
214 0.619141 0.000000 0.014286 103.647375 0.000763 -1.948722 -0.074658 
215 0.797852 0.000000 -0.044425 99.008439 0.000604 -0.156960 0.019730 
216 0.738281 0.000000 -0.044425 100.510288 0.000635 -0.673453 -0.010277 
217 0.797852 0.000000 -0.103135 99.211335 0.000839 -3.070290 0.014768 
218 0.797852 0.000000 0.014286 100.837897 0.000815 -4.013555 -0.018439 
219 0.887207 0.000000 -0.015069 97.929614 0.000411 2.038837 0.040563 
220 0.857422 0.000000 -0.015069 99.284698 0.000653 -2.495446 0.013632 
221 0.887207 0.000000 -0.044425 97.643845 0.000640 -0.075782 0.046567 
222 0.887207 0.000000 0.014286 100.691785 0.000745 -8.907867 -0.021819 
223 0.261719 0.000000 0.249130 99.349715 0.000231 3.719641 0.011580 
224 0.023438 0.000000 0.249130 95.351182 0.000033 5.942971 0.087283 
225 0.261719 0.000000 0.483973 113.359637 0.000316 15.176398 -0.308073 
226 0.380859 0.000000 -0.103135 100.511098 0.000310 2.257668 -0.010758 
227 0.261719 0.000000 -0.103135 99.702922 0.000249 2.765857 0.005168 
228 0.380859 0.000000 -0.220557 99.723412 0.000284 2.314772 0.004988 
229 0.380859 0.000000 0.014286 102.952106 0.000366 1.584315 -0.060165 
230 0.380859 0.000000 0.131708 103.295584 0.000380 1.276757 -0.067161 
231 0.261719 0.000000 0.131708 102.907113 0.000237 3.915924 -0.060521 
232 0.500000 0.000000 0.131708 101.381087 0.000601 -0.861045 -0.027887 
233 0.380859 0.000000 0.249130 100.475933 0.000309 2.641236 -0.010239 
234 0.440430 0.000000 -0.044425 101.138952 0.000299 3.422540 -0.024080 
235 0.380859 0.000000 -0.044425 100.783590 0.000315 2.383606 -0.016301 
236 0.440430 0.000000 -0.103135 100.569016 0.000334 1.722360 -0.011709 
237 0.500000 0.000000 -0.044425 99.543525 0.000440 1.397151 0.008913 
238 0.440430 0.000000 0.014286 102.029556 0.000427 0.727637 -0.041056 
239 -22.375000 0.000000 -7.500705 99.981471 0.000000 1.749222 0.000065 
240 -30.000000 0.000000 -7.500705 99.983281 0.000000 1.747775 0.000029 
241 -22.375000 0.000000 -15.015697 99.980604 0.000000 1.747195 0.000083 
242 -22.375000 0.000000 0.014286 99.984310 0.000000 1.750533 0.000007 
243 -10.937500 0.000000 -3.743210 99.970168 0.000000 1.760286 0.000287 
244 -14.750000 0.000000 -3.743210 99.978078 0.000000 1.755068 0.000130 
245 -10.937500 0.000000 -7.500705 99.967582 0.000000 1.752187 0.000341 
246 -10.937500 0.000000 0.014286 99.980835 0.000000 1.766313 0.000071 
247 -5.218750 0.000000 -1.864462 99.915850 0.000000 1.804401 0.001357 
248 -7.125000 0.000000 -1.864462 99.953271 0.000000 1.781908 0.000617 
249 -5.218750 0.000000 -3.743210 99.914351 0.000000 1.766979 0.001400 
250 -5.218750 0.000000 0.014286 99.955475 0.000000 1.831662 0.000555 
251 -2.359375 0.000000 -0.925088 99.715329 0.000000 1.910958 0.005320 
252 -3.312500 0.000000 -0.925088 99.841628 0.000000 1.870391 0.002815 
253 -2.359375 0.000000 -1.864462 99.722445 0.000000 1.796313 0.005221 
254 -2.359375 0.000000 0.014286 99.824540 0.000000 2.043735 0.003088 
255 -0.929688 0.000000 -0.455401 99.025846 0.000000 2.148960 0.018926 
256 -1.406250 0.000000 -0.455401 99.425506 0.000000 2.125785 0.011005 
257 -0.929688 0.000000 -0.925088 99.180221 0.000000 1.802544 0.016003 
258 -0.929688 0.000000 0.014286 99.242025 0.000000 2.741770 0.014350 
259 -0.214844 0.000000 -0.220557 87.937079 -0.000171 6.141995 0.222935 
260 -0.453125 0.000000 -0.220557 46.002989 -0.000666 6.047548 0.784715 
261 -0.214844 0.000000 -0.455401 69.880882 -0.000510 -21.396650 0.465885 
262 -0.214844 0.000000 0.014286 90.227038 -0.000115 6.507819 0.181673 
263 0.142578 0.000000 -0.103135 97.910934 0.000152 2.751530 0.040588 
264 0.023438 0.000000 -0.103135 94.406794 0.000018 4.676414 0.106549 
265 0.142578 0.000000 -0.220557 96.196212 0.000063 4.232512 0.072837 
266 0.142578 0.000000 0.014286 100.815366 0.000142 5.095664 -0.018970 
267 -22.375000 0.000000 7.529278 99.987432 -0.000000 1.749618 -0.000055 
268 -30.000000 0.000000 7.529278 99.985968 -0.000000 1.747912 -0.000025 
269 -22.375000 0.000000 15.044270 99.988726 0.000000 1.747598 -0.000080 
270 -10.937500 0.000000 3.771782 99.993756 0.000000 1.763514 -0.000186 
271 -14.750000 0.000000 3.771782 99.988771 0.000000 1.756209 -0.000084 
272 -10.937500 0.000000 7.529278 99.999779 0.000000 1.755540 -0.000304 
273 -5.218750 0.000000 1.893034 100.010605 0.000000 1.830044 -0.000547 
274 -7.125000 0.000000 1.893034 99.994836 0.000000 1.790790 -0.000217 
275 -5.218750 0.000000 3.771782 100.037965 0.000000 1.792477 -0.001081 
276 -2.359375 0.000000 0.953660 100.023188 0.000000 2.059912 -0.000888 
277 -3.312500 0.000000 0.953660 99.991688 0.000000 1.930472 -0.000206 
278 -2.359375 0.000000 1.893034 100.152575 0.000000 1.958328 -0.003437 
279 -0.929688 0.000000 0.483973 99.961672 0.000000 2.949768 -0.000104 
280 -1.406250 0.000000 0.483973 99.904124 0.000000 2.458497 0.001312 
281 -0.929688 0.000000 0.953660 100.471296 0.000000 2.623214 -0.010136 
282 -0.214844 0.000000 0.249130 88.475942 -0.000167 7.759585 0.211180 
283 -0.453125 0.000000 0.249130 40.799040 -0.000573 29.880071 0.744262 
284 -0.214844 0.000000 0.483973 77.005760 -0.000233 51.634808 0.140396 
285 -0.095703 0.000000 -0.103135 92.236570 -0.000054 5.364611 0.146364 
286 -0.214844 0.000000 -0.103135 88.604679 -0.000140 6.163700 0.211122 
287 -0.095703 0.000000 -0.220557 91.543872 -0.000077 5.376671 0.159081 
288 -0.095703 0.000000 0.014286 92.208648 -0.000057 5.959722 0.146205 
289 0.142578 0.000000 0.131708 99.941537 0.000113 6.388054 -0.002912 
290 0.023438 0.000000 0.131708 94.994180 0.000024 5.827838 0.094214 
291 0.142578 0.000000 0.249130 97.553365 0.000130 4.925424 0.045908 
292 0.083008 0.000000 -0.044425 99.393982 0.000061 -5.227157 0.009351 
293 0.023438 0.000000 -0.044425 93.536180 -0.000207 -11.708169 0.111390 
294 0.083008 0.000000 -0.103135 95.223316 0.000037 4.557682 0.091175 
295 0.142578 0.000000 -0.044425 100.343094 0.000217 -0.626403 -0.006913 
296 0.083008 0.000000 0.014286 99.502475 0.000032 9.692898 0.000531 
297 -0.095703 0.000000 0.131708 92.732788 -0.000049 6.448038 0.135905 
298 -0.214844 0.000000 0.131708 89.845524 -0.000142 7.269244 0.187494 
299 -0.095703 0.000000 0.249130 93.014068 -0.000054 6.753560 0.130277 
300 -0.036133 0.000000 -0.044425 92.604725 -0.000049 5.573469 0.139330 
301 -0.095703 0.000000 -0.044425 92.148653 -0.000057 5.649270 0.147671 
302 -0.036133 0.000000 -0.103135 92.668784 -0.000046 5.260014 0.138483 
303 -0.036133 0.000000 0.014286 92.685190 -0.000049 5.923405 0.137437 
304 0.083008 0.000000 0.072997 101.653338 0.000033 12.104266 -0.047991 
305 0.023438 0.000000 0.072997 94.698617 0.000019 5.624636 0.100054 
306 0.142578 0.000000 0.072997 106.005069 0.000095 11.063478 -0.135948 
307 0.083008 0.000000 0.131708 95.834804 0.000043 5.686898 0.078335 
308 0.053223 0.000000 -0.015069 98.309207 -0.000019 -6.549850 0.029240 
309 0.023438 0.000000 -0.015069 90.454666 -0.000416 -23.107412 0.128400 
310 0.053223 0.000000 -0.044425 98.672114 -0.000028 -8.186187 0.019680 
311 0.083008 0.000000 -0.015069 98.563342 0.000039 -3.880524 0.027021 
312 0.053223 0.000000 0.014286 98.853391 0.000008 15.465971 -0.001119 
313 -0.036133 0.000000 0.072997 92.907893 -0.000046 6.240877 0.132917 
314 -0.095703 0.000000 0.072997 92.417491 -0.000054 6.241005 0.142006 
315 -0.036133 0.000000 0.131708 93.224316 -0.000041 6.469501 0.126737 
316 -0.006348 0.000000 -0.015069 64.645408 -0.000423 -15.312630 0.558649 
317 -0.036133 0.000000 -0.015069 92.625790 -0.000049 5.747961 0.138742 
318 -0.006348 0.000000 -0.044425 94.002290 0.000008 5.038609 0.113818 
319 -0.006348 0.000000 0.014286 60.809665 -0.000272 27.470997 0.554753 
320 0.053223 0.000000 0.043642 104.619966 -0.000010 27.823581 -0.171949 
321 0.023438 0.000000 0.043642 95.471175 -0.000043 27.061884 0.015291 
322 0.083008 0.000000 0.043642 104.605338 0.000020 18.429097 -0.128191 
323 0.053223 0.000000 0.072997 100.827328 0.000014 15.754730 -0.041436 
324 0.321289 0.000000 0.072997 109.088148 0.000360 1.760267 -0.190332 
325 0.261719 0.000000 0.072997 104.995326 0.000236 4.261496 -0.104218 
326 0.321289 0.000000 0.014286 102.094744 0.000303 2.485684 -0.042952 
327 0.380859 0.000000 0.072997 104.173045 0.000398 0.962330 -0.085295 
328 0.321289 0.000000 0.131708 102.339848 0.000302 2.565925 -0.048003 
329 0.619141 0.000000 0.131708 104.024682 0.000877 -3.140184 -0.083100 
330 0.619141 0.000000 0.249130 102.149956 0.000776 -2.357831 -0.044017 
331 0.797852 0.000000 0.072997 101.181836 0.001026 -6.597785 -0.028129 
332 0.738281 0.000000 0.072997 102.724830 0.001059 -6.061057 -0.058913 
333 0.797852 0.000000 0.131708 99.350079 0.000874 -3.599526 0.011661 
334 0.887207 0.000000 0.043642 99.941280 0.000831 -6.681813 -0.003291 
335 0.857422 0.000000 0.043642 100.392867 0.000868 -6.704388 -0.012368 
336 0.916992 0.000000 0.043642 98.835038 0.000824 -8.758391 0.015493 
337 0.887207 0.000000 0.072997 99.184669 0.000880 -5.710724 0.012979 
338 0.946777 0.000000 0.043642 97.844876 0.000822 -7.130352 0.037554 
339 0.946777 0.000000 0.072997 97.382376 0.000929 -3.935992 0.050118 
340 0.961670 0.000000 -0.000391 93.254094 0.001495 -3.048135 0.129438 
341 0.946777 0.000000 -0.000391 95.376065 0.001037 -3.767496 0.088921 
342 0.961670 0.000000 -0.015069 94.414232 0.001289 -2.727754 0.107851 
343 0.961670 0.000000 0.014286 94.460494 0.001201 -6.576339 0.103397 
344 2.882812 0.000000 -0.455401 99.703172 0.000000 -0.165444 0.005925 
345 2.882812 0.000000 -0.925088 99.665279 0.000000 0.148485 0.006681 
346 3.359375 0.000000 -0.455401 99.805884 0.000000 -0.092131 0.003878 
347 2.882812 0.000000 0.014286 99.801322 -0.000000 -0.360528 0.003957 
348 5.265625 0.000000 -0.925088 99.934710 -0.000000 0.265881 0.001298 
349 5.265625 0.000000 -1.864462 99.908783 0.000000 0.690153 0.001776 
350 6.218750 0.000000 -0.925088 99.960238 -0.000000 0.289767 0.000787 
351 5.265625 0.000000 0.014286 99.975076 -0.000000 -0.084314 0.000498 
352 3.835938 0.000000 -0.455401 99.867810 0.000000 -0.044144 0.002642 
353 3.835938 0.000000 -0.925088 99.834546 0.000000 0.199368 0.003302 
354 4.312500 0.000000 -0.455401 99.908383 0.000000 -0.006892 0.001831 
355 3.835938 0.000000 0.014286 99.914530 -0.000000 -0.185052 0.001705 
356 5.265625 0.000000 0.953660 100.012156 -0.000000 0.213160 -0.000248 
357 6.218750 0.000000 0.953660 100.010625 -0.000000 0.231687 -0.000218 
358 5.265625 0.000000 1.893034 100.042540 -0.000000 0.609573 -0.000888 
359 2.882812 0.000000 0.483973 99.938414 -0.000000 -0.277180 0.001224 
360 3.359375 0.000000 0.483973 99.955429 -0.000000 -0.152243 0.000889 
361 2.882812 0.000000 0.953660 100.072620 -0.000000 -0.045433 -0.001453 
362 3.835938 0.000000 0.483973 99.969186 -0.000000 -0.080162 0.000616 
363 4.312500 0.000000 0.483973 99.980433 -0.000000 -0.032690 0.000391 
364 3.835938 0.000000 0.953660 100.024012 -0.000000 0.117406 -0.000482 
365 0.321289 0.000000 -0.044425 101.111611 0.000319 2.531941 -0.022997 
366 0.261719 0.000000 -0.044425 100.515301 0.000283 2.375966 -0.010897 
367 0.321289 0.000000 -0.103135 100.013354 0.000279 2.613755 -0.000950 
368 0.440430 0.000000 0.072997 109.525132 0.000697 -3.397304 -0.200730 
369 0.500000 0.000000 0.072997 102.218775 0.000639 -1.382002 -0.045059 
370 0.440430 0.000000 0.131708 102.499028 0.000419 0.523521 -0.050632 
371 0.202148 0.000000 -0.044425 100.117826 0.000258 1.692790 -0.002644 
372 0.202148 0.000000 -0.103135 98.447762 0.000169 3.434934 0.029624 
373 0.202148 0.000000 0.014286 102.551409 0.000198 5.039863 -0.054219 
374 0.202148 0.000000 0.072997 104.659520 0.000177 6.343878 -0.099386 
375 0.202148 0.000000 0.131708 100.969350 0.000196 4.487216 -0.021494 
376 -0.006348 0.000000 0.043642 94.185341 0.000009 5.529974 0.109854 
377 -0.036133 0.000000 0.043642 92.780956 -0.000048 6.090509 0.135460 
378 -0.006348 0.000000 0.072997 94.312976 0.000011 5.667970 0.107294 
1 7 12 10 11 
2 12 2 13 10 
3 1 17 15 16 
4 17 7 11 15 
5 19 21 3 22 
6 20 19 22 9 
7 11 25 23 24 
8 25 10 26 23 
9 28 20 9 30 
10 29 28 30 4 
11 15 33 31 32 
12 33 11 24 31 
13 35 37 19 38 
14 36 35 38 20 
15 24 41 39 40 
16 41 23 42 39 
17 44 36 20 46 
18 45 44 46 28 
19 31 49 47 48 
20 49 24 40 47 
21 51 53 35 54 
22 52 51 54 36 
23 40 57 55 56 
24 57 39 58 55 
25 60 52 36 62 
26 61 60 62 44 
27 47 65 63 64 
28 65 40 56 63 
29 67 69 51 70 
30 68 67 70 52 
31 56 73 71 72 
32 73 55 74 71 
33 76 68 52 78 
34 77 76 78 60 
35 63 81 79 80 
36 81 56 72 79 
37 83 85 67 86 
38 84 83 86 68 
39 72 89 87 88 
40 89 71 90 87 
41 10 93 92 26 
42 93 13 94 92 
43 92 94 8 95 
44 26 92 95 14 
45 23 97 96 42 
46 97 26 98 96 
47 96 98 14 99 
48 42 96 99 27 
49 39 101 100 58 
50 101 42 102 100 
51 100 102 27 103 
52 55 105 104 74 
53 105 58 106 104 
54 71 109 108 90 
55 109 74 110 108 
56 108 110 59 111 
57 90 108 111 75 
58 112 84 68 114 
59 113 112 114 76 
60 115 117 83 118 
61 116 115 118 84 
62 87 121 119 120 
63 121 90 122 119 
64 119 122 75 123 
65 79 126 124 125 
66 126 72 88 124 
67 88 130 128 129 
68 130 87 120 128 
69 14 95 132 37 
70 95 8 133 132 
71 132 133 21 134 
72 37 132 134 19 
73 27 99 135 53 
74 99 14 136 135 
75 135 136 37 137 
76 53 135 137 35 
77 103 27 139 138 
78 138 139 53 140 
79 69 138 140 51 
80 141 142 69 143 
81 85 141 143 67 
82 75 111 144 117 
83 111 59 145 144 
84 144 145 85 146 
85 117 144 146 83 
86 123 75 149 147 
87 147 149 117 150 
88 148 147 150 115 
89 120 153 151 152 
90 153 119 154 151 
91 151 154 123 155 
92 156 116 84 158 
93 157 156 158 112 
94 159 148 115 161 
95 160 159 161 116 
96 128 164 162 163 
97 164 120 152 162 
98 155 123 168 166 
99 166 168 147 169 
100 167 166 169 148 
101 152 172 170 171 
102 172 151 173 170 
103 170 173 155 174 
104 175 167 148 177 
105 176 175 177 159 
106 162 180 178 179 
107 180 152 171 178 
108 174 155 184 182 
109 182 184 166 185 
110 183 182 185 167 
111 171 188 186 187 
112 188 170 189 186 
113 186 189 174 190 
114 191 183 167 193 
115 192 191 193 175 
116 178 196 194 195 
117 196 171 187 194 
118 195 194 197 181 
119 91 190 198 199 
120 190 174 200 198 
121 198 200 182 201 
122 199 198 201 183 
123 187 204 202 203 
124 204 186 205 202 
125 202 205 190 206 
126 203 202 206 91 
127 124 209 207 208 
128 209 88 129 207 
129 129 213 211 212 
130 213 128 163 211 
131 211 163 131 214 
132 212 211 214 5 
133 163 217 215 216 
134 217 162 179 215 
135 215 179 165 218 
136 216 215 218 131 
137 179 221 219 220 
138 221 178 195 219 
139 219 195 181 222 
140 220 219 222 165 
141 223 160 116 225 
142 224 223 225 156 
143 207 228 226 227 
144 228 129 212 226 
145 230 232 160 233 
146 231 230 233 223 
147 226 236 234 235 
148 236 212 237 234 
149 234 237 5 238 
150 235 234 238 229 
151 16 241 239 240 
152 241 15 32 239 
153 239 32 18 242 
154 240 239 242 6 
155 32 245 243 244 
156 245 31 48 243 
157 243 48 34 246 
158 244 243 246 18 
159 48 249 247 248 
160 249 47 64 247 
161 247 64 50 250 
162 248 247 250 34 
163 64 253 251 252 
164 253 63 80 251 
165 251 80 66 254 
166 252 251 254 50 
167 80 257 255 256 
168 257 79 125 255 
169 255 125 82 258 
170 256 255 258 66 
171 125 261 259 260 
172 261 124 208 259 
173 260 259 262 82 
174 208 265 263 264 
175 265 207 227 263 
176 6 242 267 268 
177 242 18 45 267 
178 267 45 28 269 
179 268 267 269 29 
180 18 246 270 271 
181 246 34 61 270 
182 270 61 44 272 
183 271 270 272 45 
184 34 250 273 274 
185 250 50 77 273 
186 273 77 60 275 
187 274 273 275 61 
188 50 254 276 277 
189 254 66 113 276 
190 276 113 76 278 
191 277 276 278 77 
192 66 258 279 280 
193 258 82 157 279 
194 279 157 112 281 
195 280 279 281 113 
196 82 262 282 283 
197 282 224 156 284 
198 283 282 284 157 
199 259 287 285 286 
200 287 208 264 285 
201 286 285 288 262 
202 289 231 223 291 
203 290 289 291 224 
204 264 294 292 293 
205 294 263 295 292 
206 292 295 266 296 
207 262 288 297 298 
208 297 290 224 299 
209 298 297 299 282 
210 285 302 300 301 
211 302 264 293 300 
212 301 300 303 288 
213 296 266 306 304 
214 304 306 289 307 
215 305 304 307 290 
216 293 310 308 309 
217 310 292 311 308 
218 308 311 296 312 
219 309 308 312 127 
220 288 303 313 314 
221 313 305 290 315 
222 314 313 315 297 
223 300 318 316 317 
224 318 293 309 316 
225 316 309 127 319 
226 317 316 319 303 
227 127 312 320 321 
228 312 296 322 320 
229 320 322 304 323 
230 321 320 323 305 
231 210 326 324 325 
232 326 229 327 324 
233 324 327 230 328 
234 325 324 328 231 
235 5 214 329 232 
236 214 131 176 329 
237 329 176 159 330 
238 232 329 330 160 
239 131 218 331 332 
240 218 165 192 331 
241 331 192 175 333 
242 332 331 333 176 
243 165 222 334 335 
244 222 181 336 334 
245 334 336 191 337 
246 335 334 337 192 
247 181 197 338 336 
248 197 91 199 338 
249 338 199 183 339 
250 336 338 339 191 
251 194 342 340 341 
252 342 187 203 340 
253 340 203 91 343 
254 341 340 343 197 
255 74 345 344 110 
256 345 104 346 344 
257 344 346 107 347 
258 110 344 347 59 
259 58 349 348 106 
260 349 100 350 348 
261 348 350 103 351 
262 106 348 351 43 
263 104 353 352 346 
264 353 106 354 352 
265 352 354 43 355 
266 346 352 355 107 
267 43 351 356 142 
268 351 103 357 356 
269 356 357 138 358 
270 142 356 358 69 
271 59 347 359 145 
272 347 107 360 359 
273 359 360 141 361 
274 145 359 361 85 
275 107 355 362 360 
276 355 43 363 362 
277 362 363 142 364 
278 360 362 364 141 
279 227 367 365 366 
280 367 226 235 365 
281 365 235 229 326 
282 366 365 326 210 
283 229 238 368 327 
284 238 5 369 368 
285 368 369 232 370 
286 327 368 370 230 
287 263 372 371 295 
288 372 227 366 371 
289 371 366 210 373 
290 295 371 373 266 
291 266 373 374 306 
292 373 210 325 374 
293 374 325 231 375 
294 306 374 375 289 
295 303 319 376 377 
296 319 127 321 376 
297 376 321 305 378 
298 377 376 378 313 
